1492028604152282381,107794,1492028604,113030910,-0.108582728688,0.781248591639,0.0,0.0,0.0,0.467283401894,0.88410758526,329.5043796995439, 1.9613922733442963, 0.0, 0.0, 0.0, -148.35370302296863, 1.96139227334767, 206.68083074223915, 0.0, 0.0, 0.0, -6.279356409586241, 0.0, 0.0, 9.983545825912468e-07, 7.289927922682546e-20, -4.829817409904921e-18, 0.0, 0.0, 0.0, 7.289927922682544e-20, 9.967199330767612e-07, 2.1398260110526917e-28, 0.0, 0.0, 0.0, -4.82981740990492e-18, 2.1398210156718984e-28, 9.967199330767612e-07, 0.0, -148.35370302296226, -6.279356409586053, 0.0, 0.0, 0.0, 215.58742474618597,-5.66371940086e-05,1.317252857e-06,0.0,0.0,0.0,0.0,3.38741209226817e-06, 0.0, 0.0, 0.0, 0.0, 0.0, 0.0, 3.38741209226817e-06, 0.0, 0.0, 0.0, 0.0, 0.0, 0.0, 9.975359201269726e-07, -9.425590943754082e-27, -6.636317544438813e-27, 0.0, 0.0, 0.0, -9.425590943754078e-27, 9.902864086849361e-07, 1.2840043739726452e-33, 0.0, 0.0, 0.0, -6.63631754443881e-27, -1.284004373972685e-33, 9.902864086849361e-07, 0.0, 0.0, 0.0, 0.0, 0.0, 0.0, 3.3761241199611216e-06
1492028604185692749,107795,1492028604,153039932,-0.10858663298,0.781242910437,0.0,0.0,0.0,0.467283401894,0.88410758526,329.50484224348713, 1.9618879704282146, 0.0, 0.0, 0.0, -148.35258555107816, 1.9618879704315875, 206.68287594077373, 0.0, 0.0, 0.0, -6.280124064833422, 0.0, 0.0, 9.983243308446848e-07, -4.163808542851328e-20, 1.2714159534616198e-17, 0.0, 0.0, 0.0, -4.163808542851327e-20, 9.966598287973054e-07, 3.160012047082755e-28, 0.0, 0.0, 0.0, 1.27141595346162e-17, 3.15857199315215e-28, 9.966598287973054e-07, 0.0, -148.3525855510718, -6.280124064833234, 0.0, 0.0, 0.0, 215.58982528885863,-0.000177970098,1.53039373046e-06,0.0,0.0,0.0,0.0,3.32606795826095e-06, 0.0, 0.0, 0.0, 0.0, 0.0, 0.0, 3.32606795826095e-06, 0.0, 0.0, 0.0, 0.0, 0.0, 0.0, 9.974906926255187e-07, 2.500703800946231e-26, 1.716850015502085e-26, 0.0, 0.0, 0.0, 2.5007038009462323e-26, 9.90110757249744e-07, 1.2268671115822295e-33, 0.0, 0.0, 0.0, 1.716850015502086e-26, -1.2268671115820981e-33, 9.90110757249744e-07, 0.0, 0.0, 0.0, 0.0, 0.0, 0.0, 3.3149989992304327e-06
1492028604219008793,107796,1492028604,193056107,-0.108587281132,0.781241983253,0.0,0.0,0.0,0.467283401894,0.88410758526,329.50625585671196, 1.9620809838882591, 0.0, 0.0, 0.0, -148.3521588675373, 1.962080983891633, 206.68489417012276, 0.0, 0.0, 0.0, -6.280422620339193, 0.0, 0.0, 9.983233260589388e-07, -5.814554065674578e-20, -2.8050675604534613e-18, 0.0, 0.0, 0.0, -5.814554065674576e-20, 9.966578325297031e-07, -9.727814371201597e-29, 0.0, 0.0, 0.0, -2.8050675604534617e-18, -9.727694000580072e-29, 9.966578325297031e-07, 0.0, -148.35215886753093, -6.280422620339005, 0.0, 0.0, 0.0, 215.59222626067952,7.35703464781e-05,-6.0537152367e-07,0.0,0.0,0.0,0.0,3.3240667388293324e-06, 0.0, 0.0, 0.0, 0.0, 0.0, 0.0, 3.3240667388293324e-06, 0.0, 0.0, 0.0, 0.0, 0.0, 0.0, 9.97489190454664e-07, -5.606954067240136e-27, -3.654617333618706e-27, 0.0, 0.0, 0.0, -5.606954067240136e-27, 9.901049222713046e-07, 7.600473710415022e-34, 0.0, 0.0, 0.0, -3.6546173336187066e-27, -7.600473710414145e-34, 9.901049222713046e-07, 0.0, 0.0, 0.0, 0.0, 0.0, 0.0, 3.313003981233544e-06
1492028604252217774,107797,1492028604,233175993,-0.108587774787,0.78124124421,0.0,0.0,0.0,0.467283401894,0.88410758526,329.50828953010284, 1.9620684258002439, 0.0, 0.0, 0.0, -148.3521789592672, 1.9620684258036174, 206.68689907819868, 0.0, 0.0, 0.0, -6.280403520500994, 0.0, 0.0, 9.983347095487084e-07, -8.661541376832013e-20, 4.252819294036708e-18, 0.0, 0.0, 0.0, -8.66154137683201e-20, 9.966804485382413e-07, 2.212698806620619e-28, 0.0, 0.0, 0.0, 4.252819294036707e-18, 2.2112720536436927e-28, 9.966804485382413e-07, 0.0, -148.35217895926084, -6.280403520500806, 0.0, 0.0, 0.0, 215.59463345523324,-0.00012414590687,1.03833546696e-06,0.0,0.0,0.0,0.0,3.346864978134235e-06, 0.0, 0.0, 0.0, 0.0, 0.0, 0.0, 3.346864978134235e-06, 0.0, 0.0, 0.0, 0.0, 0.0, 0.0, 9.975062089063511e-07, 8.268093393025091e-27, 5.886815879753041e-27, 0.0, 0.0, 0.0, 8.268093393025093e-27, 9.901710112799476e-07, -8.471142954265873e-34, 0.0, 0.0, 0.0, 5.88681587975304e-27, 8.471142954265962e-34, 9.901710112799476e-07, 0.0, 0.0, 0.0, 0.0, 0.0, 0.0, 3.3357230979729223e-06
1492028604285673257,107798,1492028604,273272038,-0.108587223838,0.781242026084,0.0,0.0,0.0,0.467283401894,0.88410758526,329.5100614741445, 1.9621429587533328, 0.0, 0.0, 0.0, -148.35200973921727, 1.9621429587567056, 206.6889106350519, 0.0, 0.0, 0.0, -6.280518999520289, 0.0, 0.0, 9.983594864795444e-07, -1.1665521330595366e-20, -6.432494060331102e-18, 0.0, 0.0, 0.0, -1.1665521330595362e-20, 9.967296761712989e-07, -4.5740390807897206e-29, 0.0, 0.0, 0.0, -6.432494060331102e-18, -4.574080006801039e-29, 9.967296761712989e-07, 0.0, -148.3520097392109, -6.2805189995201, 0.0, 0.0, 0.0, 215.5970392192705,0.000250154199672,-5.41481633925e-07,0.0,0.0,0.0,0.0,3.397555377207246e-06, 0.0, 0.0, 0.0, 0.0, 0.0, 0.0, 3.397555377207246e-06, 0.0, 0.0, 0.0, 0.0, 0.0, 0.0, 9.975432516773651e-07, -1.2691306759053993e-26, -8.618496307783129e-27, 0.0, 0.0, 0.0, -1.2691306759053989e-26, 9.903148704469884e-07, 1.7040784684575218e-33, 0.0, 0.0, 0.0, -8.618496307783124e-27, -1.7040784684574763e-33, 9.903148704469884e-07, 0.0, 0.0, 0.0, 0.0, 0.0, 0.0, 3.3862235438579904e-06
1492028604318842208,107799,1492028604,273272038,-0.108587223838,0.781242026084,0.0,0.0,0.0,0.467283401894,0.88410758526,329.5100614741445, 1.9621429587533328, 0.0, 0.0, 0.0, -148.35200973921727, 1.9621429587567056, 206.6889106350519, 0.0, 0.0, 0.0, -6.280518999520289, 0.0, 0.0, 9.983594864795444e-07, -1.1665521330595366e-20, -6.432494060331102e-18, 0.0, 0.0, 0.0, -1.1665521330595362e-20, 9.967296761712989e-07, -4.5740390807897206e-29, 0.0, 0.0, 0.0, -6.432494060331102e-18, -4.574080006801039e-29, 9.967296761712989e-07, 0.0, -148.3520097392109, -6.2805189995201, 0.0, 0.0, 0.0, 215.5970392192705,0.000250154199672,-5.41481633925e-07,0.0,0.0,0.0,0.0,3.397555377207246e-06, 0.0, 0.0, 0.0, 0.0, 0.0, 0.0, 3.397555377207246e-06, 0.0, 0.0, 0.0, 0.0, 0.0, 0.0, 9.975432516773651e-07, -1.2691306759053993e-26, -8.618496307783129e-27, 0.0, 0.0, 0.0, -1.2691306759053989e-26, 9.903148704469884e-07, 1.7040784684575218e-33, 0.0, 0.0, 0.0, -8.618496307783124e-27, -1.7040784684574763e-33, 9.903148704469884e-07, 0.0, 0.0, 0.0, 0.0, 0.0, 0.0, 3.3862235438579904e-06
1492028604352284222,107800,1492028604,313215017,-0.108576022939,0.781258384685,0.0,0.0,0.0,0.467283401894,0.88410758526,329.51650744211247, 1.9607139224077854, 0.0, 0.0, 0.0, -148.35524239168024, 1.9607139224111583, 206.69077886534578, 0.0, 0.0, 0.0, -6.278305391750479, 0.0, 0.0, 9.983272178468303e-07, -8.593450261763513e-20, -3.295654873347117e-17, 0.0, 0.0, 0.0, -8.593450261763517e-20, 9.966655642428932e-07, -1.693051496911256e-27, 0.0, 0.0, 0.0, -3.2956548733471166e-17, -1.6930510455214253e-27, 9.966655642428934e-07, 0.0, -148.35524239167387, -6.27830539175029, 0.0, 0.0, 0.0, 215.5994357994202,0.000586317729802,1.10207935293e-07,0.0,0.0,0.0,0.0,3.331823222230349e-06, 0.0, 0.0, 0.0, 0.0, 0.0, 0.0, 3.331823222230349e-06, 0.0, 0.0, 0.0, 0.0, 0.0, 0.0, 9.974950086381556e-07, -6.507590726457437e-26, -4.411671458836005e-26, 0.0, 0.0, 0.0, -6.507590726457437e-26, 9.90127510686913e-07, -1.9518675522478784e-33, 0.0, 0.0, 0.0, -4.4116714588360076e-26, -2.0188586957492363e-33, 9.90127510686913e-07, 0.0, 0.0, 0.0, 0.0, 0.0, 0.0, 3.3207319678362196e-06
1492028604385579169,107801,1492028604,353405952,-0.108565947527,0.781273167334,0.0,0.0,0.0,0.467283401894,0.88410758526,329.5232921103297, 1.9591864395154117, 0.0, 0.0, 0.0, -148.3587121020395, 1.9591864395187848, 206.69265063194888, 0.0, 0.0, 0.0, -6.27593876596808, 0.0, 0.0, 9.983199411951982e-07, 3.81575216477324e-21, -2.0047810341785916e-17, 0.0, 0.0, 0.0, 3.815752164773241e-21, 9.9665110803577e-07, 4.545971059262707e-29, 0.0, 0.0, 0.0, -2.0047810341785916e-17, 4.5604311820264096e-29, 9.9665110803577e-07, 0.0, -148.35871210203314, -6.275938765967891, 0.0, 0.0, 0.0, 215.60184725690914,0.000287821202246,3.08592307126e-07,0.0,0.0,0.0,0.0,3.3173504206255947e-06, 0.0, 0.0, 0.0, 0.0, 0.0, 0.0, 3.3173504206255947e-06, 0.0, 0.0, 0.0, 0.0, 0.0, 0.0, 9.97484130163454e-07, -3.9514322448383597e-26, -2.6949483872313104e-26, 0.0, 0.0, 0.0, -3.951432244838358e-26, 9.900852784642797e-07, -3.3120158065116175e-34, 0.0, 0.0, 0.0, -2.6949483872313093e-26, -1.4085776208582061e-33, 9.900852784642797e-07, 0.0, 0.0, 0.0, 0.0, 0.0, 0.0, 3.306312673710823e-06
1492028604419014161,107802,1492028604,393539906,-0.108562282072,0.781278579662,0.0,0.0,0.0,0.467283401894,0.88410758526,329.52727013901955, 1.958559169776596, 0.0, 0.0, 0.0, -148.36014449544763, 1.958559169779969, 206.6946007634157, 0.0, 0.0, 0.0, -6.274966601033862, 0.0, 0.0, 9.983541177321322e-07, -4.3994793913301174e-20, -4.4423373103587074e-18, 0.0, 0.0, 0.0, -4.399479391330118e-20, 9.967190095994015e-07, -1.1874544359622432e-28, 0.0, 0.0, 0.0, -4.442337310358708e-18, -1.1874354174040424e-28, 9.967190095994015e-07, 0.0, -148.36014449544126, -6.274966601033673, 0.0, 0.0, 0.0, 215.60425529546146,1.08021574749e-06,-1.06719254878e-08,0.0,0.0,0.0,0.0,3.386455933642992e-06, 0.0, 0.0, 0.0, 0.0, 0.0, 0.0, 3.386455933642992e-06, 0.0, 0.0, 0.0, 0.0, 0.0, 0.0, 9.975352251751075e-07, -8.819556890363654e-27, -5.885578541128956e-27, 0.0, 0.0, 0.0, -8.819556890363651e-27, 9.902837141340663e-07, 3.2113708750314455e-33, 0.0, 0.0, 0.0, -5.8855785411289544e-27, -3.211370875031402e-33, 9.902837141340663e-07, 0.0, 0.0, 0.0, 0.0, 0.0, 0.0, 3.375173320172515e-06
1492028604452335683,107803,1492028604,433585882,-0.108565012099,0.781274609807,0.0,0.0,0.0,0.467283401894,0.88410758526,329.52829176522977, 1.9588758795897885, 0.0, 0.0, 0.0, -148.35943188917864, 1.9588758795931616, 206.69663163513965, 0.0, 0.0, 0.0, -6.275457004594844, 0.0, 0.0, 9.983533035515643e-07, 1.744196669010403e-20, 9.4585942531272e-18, 0.0, 0.0, 0.0, 1.7441966690104037e-20, 9.967173919086025e-07, -1.0011667556055109e-28, 0.0, 0.0, 0.0, 9.458594253127199e-18, -1.0025612492558688e-28, 9.967173919086025e-07, 0.0, -148.35943188917227, -6.275457004594655, 0.0, 0.0, 0.0, 215.60665805542467,-0.0001587940115,-1.50534509114e-07,0.0,0.0,0.0,0.0,3.3847767656581633e-06, 0.0, 0.0, 0.0, 0.0, 0.0, 0.0, 3.3847767656581633e-06, 0.0, 0.0, 0.0, 0.0, 0.0, 0.0, 9.975340079154912e-07, 1.8675116730565277e-26, 1.2681188304659888e-26, 0.0, 0.0, 0.0, 1.8675116730565283e-26, 9.902789860120652e-07, -3.6931249937817744e-33, 0.0, 0.0, 0.0, 1.2681188304659892e-26, 3.6931249937817306e-33, 9.902789860120652e-07, 0.0, 0.0, 0.0, 0.0, 0.0, 0.0, 3.3735003665450947e-06
1492028604485601481,107804,1492028604,473593950,-0.108568973837,0.781268808538,0.0,0.0,0.0,0.467283401894,0.88410758526,329.5285935041028, 1.9594198554258278, 0.0, 0.0, 0.0, -148.35819754847162, 1.959419855429201, 206.698681127222, 0.0, 0.0, 0.0, -6.276299771424976, 0.0, 0.0, 9.983480892201865e-07, -4.7982719784978836e-20, 9.518685946187104e-18, 0.0, 0.0, 0.0, -4.7982719784978836e-20, 9.967070313823525e-07, 2.7655667287004907e-28, 0.0, 0.0, 0.0, 9.518685946187107e-18, 2.7641753646862924e-28, 9.967070313823525e-07, 0.0, -148.35819754846526, -6.276299771424787, 0.0, 0.0, 0.0, 215.60905854087176,-0.000180802117017,-5.19434281083e-08,0.0,0.0,0.0,0.0,3.3740548372374034e-06, 0.0, 0.0, 0.0, 0.0, 0.0, 0.0, 3.3740548372374034e-06, 0.0, 0.0, 0.0, 0.0, 0.0, 0.0, 9.97526212052677e-07, 1.8701980185249722e-26, 1.2888436550208647e-26, 0.0, 0.0, 0.0, 1.8701980185249713e-26, 9.902486962501001e-07, 1.289553064685702e-33, 0.0, 0.0, 0.0, 1.2888436550208641e-26, -1.2895530646857384e-33, 9.902486962501001e-07, 0.0, 0.0, 0.0, 0.0, 0.0, 0.0, 3.3628141952386902e-06
1492028604518617671,107805,1492028604,473593950,-0.108568973837,0.781268808538,0.0,0.0,0.0,0.467283401894,0.88410758526,329.5285935041028, 1.9594198554258278, 0.0, 0.0, 0.0, -148.35819754847162, 1.959419855429201, 206.698681127222, 0.0, 0.0, 0.0, -6.276299771424976, 0.0, 0.0, 9.983480892201865e-07, -4.7982719784978836e-20, 9.518685946187104e-18, 0.0, 0.0, 0.0, -4.7982719784978836e-20, 9.967070313823525e-07, 2.7655667287004907e-28, 0.0, 0.0, 0.0, 9.518685946187107e-18, 2.7641753646862924e-28, 9.967070313823525e-07, 0.0, -148.35819754846526, -6.276299771424787, 0.0, 0.0, 0.0, 215.60905854087176,-0.000180802117017,-5.19434281083e-08,0.0,0.0,0.0,0.0,3.3740548372374034e-06, 0.0, 0.0, 0.0, 0.0, 0.0, 0.0, 3.3740548372374034e-06, 0.0, 0.0, 0.0, 0.0, 0.0, 0.0, 9.97526212052677e-07, 1.8701980185249722e-26, 1.2888436550208647e-26, 0.0, 0.0, 0.0, 1.8701980185249713e-26, 9.902486962501001e-07, 1.289553064685702e-33, 0.0, 0.0, 0.0, 1.2888436550208641e-26, -1.2895530646857384e-33, 9.902486962501001e-07, 0.0, 0.0, 0.0, 0.0, 0.0, 0.0, 3.3628141952386902e-06
1492028604552424211,107806,1492028604,513662100,-0.108572810363,0.781263155979,0.0,0.0,0.0,0.467283401894,0.88410758526,329.52884311613786, 1.9599794363757885, 0.0, 0.0, 0.0, -148.35692312267167, 1.9599794363791618, 206.70073505016472, 0.0, 0.0, 0.0, -6.277166936071794, 0.0, 0.0, 9.98348440458616e-07, -5.502332833143521e-20, 8.347132444399513e-18, 0.0, 0.0, 0.0, -5.502332833143523e-20, 9.967077291911388e-07, 2.780938899663482e-28, 0.0, 0.0, 0.0, 8.34713244439951e-18, 2.7809243348182775e-28, 9.967077291911388e-07, 0.0, -148.3569231226653, -6.2771669360716045, 0.0, 0.0, 0.0, 215.6114626312126,-0.000122450826146,-1.3580193795e-06,0.0,0.0,0.0,0.0,3.3747733868597754e-06, 0.0, 0.0, 0.0, 0.0, 0.0, 0.0, 3.3747733868597754e-06, 0.0, 0.0, 0.0, 0.0, 0.0, 0.0, 9.97526737158524e-07, 1.63820891324271e-26, 1.1327205613474959e-26, 0.0, 0.0, 0.0, 1.63820891324271e-26, 9.90250734095901e-07, 2.4394406953536802e-34, 0.0, 0.0, 0.0, 1.1327205613474956e-26, -2.4394406953534613e-34, 9.90250734095901e-07, 0.0, 0.0, 0.0, 0.0, 0.0, 0.0, 3.3635294952487927e-06
1492028604585670748,107807,1492028604,553659916,-0.108571972696,0.7812643563,0.0,0.0,0.0,0.467283401894,0.88410758526,329.5306734857823, 1.960030870267821, 0.0, 0.0, 0.0, -148.3567999201869, 1.9600308702711942, 206.70273962335932, 0.0, 0.0, 0.0, -6.277246898261398, 0.0, 0.0, 9.983330416776384e-07, 8.700805277119306e-20, -8.221846546889273e-18, 0.0, 0.0, 0.0, 8.700805277119305e-20, 9.966771347043375e-07, 4.2907464619206475e-28, 0.0, 0.0, 0.0, -8.221846546889274e-18, 4.292156242639939e-28, 9.966771347043375e-07, 0.0, -148.35679992018052, -6.277246898261208, 0.0, 0.0, 0.0, 215.61386250154067,0.000297556343792,-1.54088751403e-07,0.0,0.0,0.0,0.0,3.343501991607985e-06, 0.0, 0.0, 0.0, 0.0, 0.0, 0.0, 3.343501991607985e-06, 0.0, 0.0, 0.0, 0.0, 0.0, 0.0, 9.97503715348878e-07, -1.608993509949877e-26, -1.1220356944596456e-26, 0.0, 0.0, 0.0, -1.6089935099498777e-26, 9.901613223121839e-07, -1.270899584200367e-34, 0.0, 0.0, 0.0, -1.1220356944596456e-26, 1.270899584200148e-34, 9.901613223121839e-07, 0.0, 0.0, 0.0, 0.0, 0.0, 0.0, 3.3323700302932127e-06
1492028604619000702,107808,1492028604,593755007,-0.108563569591,0.781276688082,0.0,0.0,0.0,0.467283401894,0.88410758526,329.53642746588, 1.958832831602534, 0.0, 0.0, 0.0, -148.35952435034787, 1.9588328316059072, 206.704636327921, 0.0, 0.0, 0.0, -6.275390483429436, 0.0, 0.0, 9.983340348215744e-07, 6.387422311897395e-20, -2.1270687602405437e-17, 0.0, 0.0, 0.0, 6.387422311897395e-20, 9.966791077156156e-07, 8.156752907989752e-28, 0.0, 0.0, 0.0, -2.127068760240545e-17, 8.153894346469795e-28, 9.96679107715616e-07, 0.0, -148.3595243503415, -6.275390483429247, 0.0, 0.0, 0.0, 215.61626820836224,0.000235874212697,-4.15773996587e-07,0.0,0.0,0.0,0.0,3.345498770417078e-06, 0.0, 0.0, 0.0, 0.0, 0.0, 0.0, 3.345498770417078e-06, 0.0, 0.0, 0.0, 0.0, 0.0, 0.0, 9.975052000799222e-07, -4.18412318987623e-26, -2.870922223691167e-26, 0.0, 0.0, 0.0, -4.184123189876232e-26, 9.901670840305024e-07, -4.093439748777799e-33, 0.0, 0.0, 0.0, -2.8709222236911677e-26, 1.8716426630904916e-35, 9.901670840305024e-07, 0.0, 0.0, 0.0, 0.0, 0.0, 0.0, 3.33435822170832e-06
1492028604652636977,107809,1492028604,633784056,-0.108565140654,0.781274378203,0.0,0.0,0.0,0.467283401894,0.88410758526,329.5384577332255, 1.9588204425543922, 0.0, 0.0, 0.0, -148.35954526628132, 1.9588204425577656, 206.70663670720586, 0.0, 0.0, 0.0, -6.275371595624216, 0.0, 0.0, 9.983303741862192e-07, -7.492578387825966e-20, 1.2511506895143996e-17, 0.0, 0.0, 0.0, -7.492578387825966e-20, 9.966718353183958e-07, 5.614650687215605e-28, 0.0, 0.0, 0.0, 1.2511506895143992e-17, 5.614629501986216e-28, 9.966718353183958e-07, 0.0, -148.35954526627495, -6.275371595624027, 0.0, 0.0, 0.0, 215.61866995266095,-0.000335561394231,7.54517495036e-07,0.0,0.0,0.0,0.0,3.338148496288115e-06, 0.0, 0.0, 0.0, 0.0, 0.0, 0.0, 3.338148496288115e-06, 0.0, 0.0, 0.0, 0.0, 0.0, 0.0, 9.974997274832835e-07, 2.4566443725332295e-26, 1.696428820298671e-26, 0.0, 0.0, 0.0, 2.456644372533228e-26, 9.901458440669723e-07, -1.3891941984315407e-33, 0.0, 0.0, 0.0, 1.6964288202986704e-26, 1.3891941984315955e-33, 9.901458440669723e-07, 0.0, 0.0, 0.0, 0.0, 0.0, 0.0, 3.327038408785207e-06
1492028604685680672,107810,1492028604,673769951,-0.108574621909,0.781260482745,0.0,0.0,0.0,0.467283401894,0.88410758526,329.5364257247949, 1.9601111423556528, 0.0, 0.0, 0.0, -148.35661575335362, 1.9601111423590258, 206.70875245100842, 0.0, 0.0, 0.0, -6.277371398628918, 0.0, 0.0, 9.982661016546402e-07, -3.2331015078734415e-20, 2.543541645957927e-17, 0.0, 0.0, 0.0, -3.2331015078734415e-20, 9.965441592291335e-07, 4.742801340320327e-28, 0.0, 0.0, 0.0, 2.543541645957927e-17, 4.742790446779079e-28, 9.965441592291337e-07, 0.0, -148.35661575334726, -6.277371398628729, 0.0, 0.0, 0.0, 215.62106910774145,-0.000418120985563,-1.00612861806e-07,0.0,0.0,0.0,0.0,3.214018094378852e-06, 0.0, 0.0, 0.0, 0.0, 0.0, 0.0, 3.214018094378852e-06, 0.0, 0.0, 0.0, 0.0, 0.0, 0.0, 9.974036454792726e-07, 5.0077464541414535e-26, 3.423309932225945e-26, 0.0, 0.0, 0.0, 5.007746454141452e-26, 9.897729536310633e-07, -9.603114621839908e-34, 0.0, 0.0, 0.0, 3.4233099322259443e-26, -3.277028085345329e-33, 9.897729536310633e-07, 0.0, 0.0, 0.0, 0.0, 0.0, 0.0, 3.2033490469517276e-06
1492028604718601889,107811,1492028604,673769951,-0.108574621909,0.781260482745,0.0,0.0,0.0,0.467283401894,0.88410758526,329.5364257247949, 1.9601111423556528, 0.0, 0.0, 0.0, -148.35661575335362, 1.9601111423590258, 206.70875245100842, 0.0, 0.0, 0.0, -6.277371398628918, 0.0, 0.0, 9.982661016546402e-07, -3.2331015078734415e-20, 2.543541645957927e-17, 0.0, 0.0, 0.0, -3.2331015078734415e-20, 9.965441592291335e-07, 4.742801340320327e-28, 0.0, 0.0, 0.0, 2.543541645957927e-17, 4.742790446779079e-28, 9.965441592291337e-07, 0.0, -148.35661575334726, -6.277371398628729, 0.0, 0.0, 0.0, 215.62106910774145,-0.000418120985563,-1.00612861806e-07,0.0,0.0,0.0,0.0,3.214018094378852e-06, 0.0, 0.0, 0.0, 0.0, 0.0, 0.0, 3.214018094378852e-06, 0.0, 0.0, 0.0, 0.0, 0.0, 0.0, 9.974036454792726e-07, 5.0077464541414535e-26, 3.423309932225945e-26, 0.0, 0.0, 0.0, 5.007746454141452e-26, 9.897729536310633e-07, -9.603114621839908e-34, 0.0, 0.0, 0.0, 3.4233099322259443e-26, -3.277028085345329e-33, 9.897729536310633e-07, 0.0, 0.0, 0.0, 0.0, 0.0, 0.0, 3.2033490469517276e-06
1492028604752453764,107812,1492028604,713969946,-0.108580977624,0.781251189643,0.0,0.0,0.0,0.467283401894,0.88410758526,329.53539080469443, 1.9610883111141972, 0.0, 0.0, 0.0, -148.35440297093766, 1.961088311117571, 206.710850634385, 0.0, 0.0, 0.0, -6.278885269206759, 0.0, 0.0, 9.9835330355019e-07, 5.681722850144377e-20, 1.2669829833419191e-17, 0.0, 0.0, 0.0, 5.681722850144377e-20, 9.967173918977516e-07, -4.372263974599889e-28, 0.0, 0.0, 0.0, 1.266982983341919e-17, -4.3708773050399305e-28, 9.967173918977516e-07, 0.0, -148.3544029709313, -6.27888526920657, 0.0, 0.0, 0.0, 215.6234811088069,-0.000195160006846,-1.49017227828e-07,0.0,0.0,0.0,0.0,3.384776582838466e-06, 0.0, 0.0, 0.0, 0.0, 0.0, 0.0, 3.384776582838466e-06, 0.0, 0.0, 0.0, 0.0, 0.0, 0.0, 9.975340079108836e-07, 2.5060451709412838e-26, 1.6920587430916986e-26, 0.0, 0.0, 0.0, 2.506045170941284e-26, 9.9027898573372e-07, -2.1086989903009198e-33, 0.0, 0.0, 0.0, 1.692058743091698e-26, 2.108698990297504e-33, 9.9027898573372e-07, 0.0, 0.0, 0.0, 0.0, 0.0, 0.0, 3.3735000854306707e-06
1492028604785676500,107813,1492028604,754076958,-0.108583270722,0.781247762054,0.0,0.0,0.0,0.467283401894,0.88410758526,329.53607016861065, 1.9615061426345917, 0.0, 0.0, 0.0, -148.35343932785995, 1.9615061426379647, 206.71289375724027, 0.0, 0.0, 0.0, -6.27953335099002, 0.0, 0.0, 9.983493764039075e-07, -6.038480362132928e-20, 3.1775418970384514e-18, 0.0, 0.0, 0.0, -6.038480362132928e-20, 9.967095888797851e-07, 1.1617423684250122e-28, 0.0, 0.0, 0.0, 3.1775418970384526e-18, 1.163137403743167e-28, 9.967095888797851e-07, 0.0, -148.35343932785358, -6.279533350989831, 0.0, 0.0, 0.0, 215.6258875308865,4.90882045498e-05,1.16355393656e-07,0.0,0.0,0.0,0.0,3.3766946373430887e-06, 0.0, 0.0, 0.0, 0.0, 0.0, 0.0, 3.3766946373430887e-06, 0.0, 0.0, 0.0, 0.0, 0.0, 0.0, 9.975281364832897e-07, 6.1839657139145036e-27, 4.390237126545397e-27, 0.0, 0.0, 0.0, 6.1839657139145065e-27, 9.902561721373785e-07, 2.6453073315539475e-33, 0.0, 0.0, 0.0, 4.390237126545397e-27, -2.645307331553882e-33, 9.902561721373785e-07, 0.0, 0.0, 0.0, 0.0, 0.0, 0.0, 3.365444827922228e-06
1492028604819070875,107814,1492028604,794042110,-0.108579873584,0.781252773381,0.0,0.0,0.0,0.467283401894,0.88410758526,329.5394214953734, 1.9610755789147924, 0.0, 0.0, 0.0, -148.35442262724212, 1.9610755789181673, 206.71485316931702, 0.0, 0.0, 0.0, -6.278865923259219, 0.0, 0.0, 9.983407177217814e-07, -6.897128126577788e-20, -1.1202580315471998e-17, 0.0, 0.0, 0.0, -6.897128126577787e-20, 9.966923853397448e-07, -4.6572729581612775e-28, 0.0, 0.0, 0.0, -1.1202580315472e-17, -4.6558691357877514e-28, 9.966923853397448e-07, 0.0, -148.35442262723575, -6.27886592325903, 0.0, 0.0, 0.0, 215.6282854414092,0.000159556698302,1.34251498393e-06,0.0,0.0,0.0,0.0,3.359017959920262e-06, 0.0, 0.0, 0.0, 0.0, 0.0, 0.0, 3.359017959920262e-06, 0.0, 0.0, 0.0, 0.0, 0.0, 0.0, 9.975151912651214e-07, -2.2177144528380034e-26, -1.491989367960833e-26, 0.0, 0.0, 0.0, -2.2177144528380048e-26, 9.902058896442447e-07, 8.547684085615423e-34, 0.0, 0.0, 0.0, -1.4919893679608332e-26, -8.547684085615895e-34, 9.902058896442447e-07, 0.0, 0.0, 0.0, 0.0, 0.0, 0.0, 3.3478305997342315e-06
1492028604852268432,107815,1492028604,834157944,-0.108579081788,0.781253926661,0.0,0.0,0.0,0.467283401894,0.88410758526,329.5419735477593, 1.9609020905137868, 0.0, 0.0, 0.0, -148.354819593466, 1.9609020905171615, 206.71684332425139, 0.0, 0.0, 0.0, -6.278596963256073, 0.0, 0.0, 9.983474253215998e-07, -7.900152608969264e-20, 1.5112623364650753e-18, 0.0, 0.0, 0.0, -7.900152608969264e-20, 9.967057121723423e-07, 7.224657944650985e-29, 0.0, 0.0, 0.0, 1.5112623364650755e-18, 7.224592342662254e-29, 9.967057121723423e-07, 0.0, -148.35481959345964, -6.278596963255884, 0.0, 0.0, 0.0, 215.6306923927766,4.74628146453e-07,-1.21737632706e-06,0.0,0.0,0.0,0.0,3.3726923279143023e-06, 0.0, 0.0, 0.0, 0.0, 0.0, 0.0, 3.3726923279143023e-06, 0.0, 0.0, 0.0, 0.0, 0.0, 0.0, 9.975252194418597e-07, 2.8728205266720594e-27, 2.18661488711895e-27, 0.0, 0.0, 0.0, 2.8728205266720597e-27, 9.902448364802506e-07, 8.983290747506185e-34, 0.0, 0.0, 0.0, 2.1866148871189496e-27, -8.983290747506185e-34, 9.902448364802506e-07, 0.0, 0.0, 0.0, 0.0, 0.0, 0.0, 3.361455005925269e-06
1492028604885702588,107816,1492028604,874233007,-0.108576597538,0.781257620206,0.0,0.0,0.0,0.467283401894,0.88410758526,329.54479497210804, 1.9606447221760646, 0.0, 0.0, 0.0, -148.35541381112554, 1.9606447221794392, 206.71882385587185, 0.0, 0.0, 0.0, -6.2781977345848246, 0.0, 0.0, 9.98341190166369e-07, 6.996759838605198e-20, -9.956354833184368e-18, 0.0, 0.0, 0.0, 6.996759838605196e-20, 9.966933237559843e-07, 4.199529725300229e-28, 0.0, 0.0, 0.0, -9.956354833184362e-18, 4.199528702149946e-28, 9.966933237559843e-07, 0.0, -148.35541381111918, -6.278197734584635, 0.0, 0.0, 0.0, 215.63309689796793,0.000224414600591,4.27961349236e-07,0.0,0.0,0.0,0.0,3.359972409012734e-06, 0.0, 0.0, 0.0, 0.0, 0.0, 0.0, 3.359972409012734e-06, 0.0, 0.0, 0.0, 0.0, 0.0, 0.0, 9.975158975129832e-07, -1.952949716277385e-26, -1.3516031465441492e-26, 0.0, 0.0, 0.0, -1.952949716277384e-26, 9.902086247817185e-07, -7.804807854825117e-34, 0.0, 0.0, 0.0, -1.3516031465441487e-26, 7.804807854824679e-34, 9.902086247817185e-07, 0.0, 0.0, 0.0, 0.0, 0.0, 0.0, 3.348778775806214e-06
1492028604918576025,107817,1492028604,874233007,-0.108576597538,0.781257620206,0.0,0.0,0.0,0.467283401894,0.88410758526,329.54479497210804, 1.9606447221760646, 0.0, 0.0, 0.0, -148.35541381112554, 1.9606447221794392, 206.71882385587185, 0.0, 0.0, 0.0, -6.2781977345848246, 0.0, 0.0, 9.98341190166369e-07, 6.996759838605198e-20, -9.956354833184368e-18, 0.0, 0.0, 0.0, 6.996759838605196e-20, 9.966933237559843e-07, 4.199529725300229e-28, 0.0, 0.0, 0.0, -9.956354833184362e-18, 4.199528702149946e-28, 9.966933237559843e-07, 0.0, -148.35541381111918, -6.278197734584635, 0.0, 0.0, 0.0, 215.63309689796793,0.000224414600591,4.27961349236e-07,0.0,0.0,0.0,0.0,3.359972409012734e-06, 0.0, 0.0, 0.0, 0.0, 0.0, 0.0, 3.359972409012734e-06, 0.0, 0.0, 0.0, 0.0, 0.0, 0.0, 9.975158975129832e-07, -1.952949716277385e-26, -1.3516031465441492e-26, 0.0, 0.0, 0.0, -1.952949716277384e-26, 9.902086247817185e-07, -7.804807854825117e-34, 0.0, 0.0, 0.0, -1.3516031465441487e-26, 7.804807854824679e-34, 9.902086247817185e-07, 0.0, 0.0, 0.0, 0.0, 0.0, 0.0, 3.348778775806214e-06
1492028604952507382,107818,1492028604,914294004,-0.108571639157,0.781264862489,0.0,0.0,0.0,0.467283401894,0.88410758526,329.5489810095992, 1.9599451829635672, 0.0, 0.0, 0.0, -148.35700026534133, 1.9599451829669419, 206.72076382187606, 0.0, 0.0, 0.0, -6.2771138321410325, 0.0, 0.0, 9.983423309869997e-07, 4.1627152812365396e-20, -1.2591092756670495e-17, 0.0, 0.0, 0.0, 4.162715281236542e-20, 9.966955908945852e-07, 3.1611493689002262e-28, 0.0, 0.0, 0.0, -1.2591092756670502e-17, 3.162564686668108e-28, 9.966955908945852e-07, 0.0, -148.35700026533496, -6.277113832140843, 0.0, 0.0, 0.0, 215.63550055915428,0.000204582115061,-1.26677896115e-06,0.0,0.0,0.0,0.0,3.362303484387736e-06, 0.0, 0.0, 0.0, 0.0, 0.0, 0.0, 3.362303484387736e-06, 0.0, 0.0, 0.0, 0.0, 0.0, 0.0, 9.97517603257712e-07, -2.4771942056245037e-26, -1.7008234046556294e-26, 0.0, 0.0, 0.0, -2.4771942056245034e-26, 9.902152667180279e-07, 3.2049514198872377e-34, 0.0, 0.0, 0.0, -1.700823404655629e-26, -3.2049514198885514e-34, 9.902152667180279e-07, 0.0, 0.0, 0.0, 0.0, 0.0, 0.0, 3.351107838584802e-06
1492028604985781088,107819,1492028604,954289913,-0.108568074216,0.781270036963,0.0,0.0,0.0,0.467283401894,0.88410758526,329.55257768885815, 1.9594288001806495, 0.0, 0.0, 0.0, -148.35816077372306, 1.9594288001840237, 206.72271709108497, 0.0, 0.0, 0.0, -6.2763141760061, 0.0, 0.0, 9.983459394371073e-07, -8.312083407708647e-20, -7.648916724360478e-18, 0.0, 0.0, 0.0, -8.312083407708649e-20, 9.967027599623009e-07, -3.8437782052453368e-28, 0.0, 0.0, 0.0, -7.64891672436048e-18, -3.843782237661158e-28, 9.967027599623009e-07, 0.0, -148.3581607737167, -6.2763141760059105, 0.0, 0.0, 0.0, 215.63790031503748,0.00015988991309,-1.06395379434e-06,0.0,0.0,0.0,0.0,3.369653889708854e-06, 0.0, 0.0, 0.0, 0.0, 0.0, 0.0, 3.369653889708854e-06, 0.0, 0.0, 0.0, 0.0, 0.0, 0.0, 9.975229979677039e-07, -1.5190407221681585e-26, -1.0115905861568355e-26, 0.0, 0.0, 0.0, -1.519040722168159e-26, 9.902362089129894e-07, -1.2272262721885978e-33, 0.0, 0.0, 0.0, -1.0115905861568355e-26, 1.2272262721886416e-33, 9.902362089129894e-07, 0.0, 0.0, 0.0, 0.0, 0.0, 0.0, 3.358427837809078e-06
1492028605019006155,107820,1492028604,994354010,-0.108563501973,0.781276794596,0.0,0.0,0.0,0.467283401894,0.88410758526,329.55652769999205, 1.9588092772645886, 0.0, 0.0, 0.0, -148.3595755912285, 1.9588092772679624, 206.7246644249998, 0.0, 0.0, 0.0, -6.275353853280113, 0.0, 0.0, 9.983406783294543e-07, 7.584756121465807e-20, -1.2714873972289227e-17, 0.0, 0.0, 0.0, 7.584756121465809e-20, 9.966923070369944e-07, 5.811964376689264e-28, 0.0, 0.0, 0.0, -1.2714873972289235e-17, 5.811964737801129e-28, 9.966923070369944e-07, 0.0, -148.35957559122213, -6.275353853279924, 0.0, 0.0, 0.0, 215.64030416219217,0.000210044312178,1.50911730096e-06,0.0,0.0,0.0,0.0,3.3589371591577094e-06, 0.0, 0.0, 0.0, 0.0, 0.0, 0.0, 3.3589371591577094e-06, 0.0, 0.0, 0.0, 0.0, 0.0, 0.0, 9.975151323601555e-07, -2.4963095488769012e-26, -1.7237332309685422e-26, 0.0, 0.0, 0.0, -2.496309548876902e-26, 9.902056596664645e-07, -1.671520773464604e-33, 0.0, 0.0, 0.0, -1.7237332309685425e-26, 1.671520773464604e-33, 9.902056596664645e-07, 0.0, 0.0, 0.0, 0.0, 0.0, 0.0, 3.347749644286432e-06
1492028605052609047,107821,1492028605,34434080,-0.108559881998,0.781282150523,0.0,0.0,0.0,0.467283401894,0.88410758526,329.56018225448395, 1.9582864921576175, 0.0, 0.0, 0.0, -148.36077510757173, 1.9582864921609922, 206.72662127964225, 0.0, 0.0, 0.0, -6.274543252590297, 0.0, 0.0, 9.983436663489721e-07, 3.502964234348964e-20, -7.947172772520709e-18, 0.0, 0.0, 0.0, 3.502964234348964e-20, 9.966982437380084e-07, 1.68003009798279e-28, 0.0, 0.0, 0.0, -7.947172772520712e-18, 1.6814464990862652e-28, 9.966982437380084e-07, 0.0, -148.36077510756536, -6.2745432525901075, 0.0, 0.0, 0.0, 215.64270896778947,0.000165822023822,1.12658948179e-06,0.0,0.0,0.0,0.0,3.365016218577598e-06, 0.0, 0.0, 0.0, 0.0, 0.0, 0.0, 3.365016218577598e-06, 0.0, 0.0, 0.0, 0.0, 0.0, 0.0, 9.975195995952342e-07, -1.5620006132034428e-26, -1.074992596566455e-26, 0.0, 0.0, 0.0, -1.5620006132034425e-26, 9.90223010958055e-07, 2.3287970192646143e-34, 0.0, 0.0, 0.0, -1.0749925965664547e-26, -2.3287970192643953e-34, 9.90223010958055e-07, 0.0, 0.0, 0.0, 0.0, 0.0, 0.0, 3.3538073388082885e-06
1492028605085682643,107822,1492028605,74651003,-0.108555618476,0.781288433633,0.0,0.0,0.0,0.467283401894,0.88410758526,329.5640727267235, 1.9576904626535647, 0.0, 0.0, 0.0, -148.36214110813742, 1.9576904626569387, 206.72857838003026, 0.0, 0.0, 0.0, -6.273619155544612, 0.0, 0.0, 9.9835380742934e-07, 7.787406504859142e-20, -1.1144533127241103e-17, 0.0, 0.0, 0.0, 7.787406504859142e-20, 9.967183916790081e-07, 5.271291623573184e-28, 0.0, 0.0, 0.0, -1.1144533127241101e-17, 5.272677570909414e-28, 9.967183916790081e-07, 0.0, -148.36214110813106, -6.273619155544423, 0.0, 0.0, 0.0, 215.64512198453545,0.000159993938624,-1.01993077569e-06,0.0,0.0,0.0,0.0,3.385786769643754e-06, 0.0, 0.0, 0.0, 0.0, 0.0, 0.0, 3.385786769643754e-06, 0.0, 0.0, 0.0, 0.0, 0.0, 0.0, 9.975347608152384e-07, -2.1846550849532318e-26, -1.5118319105129303e-26, 0.0, 0.0, 0.0, -2.1846550849532318e-26, 9.902818662346226e-07, 8.816884716838307e-34, 0.0, 0.0, 0.0, -1.5118319105129297e-26, -8.816884716838718e-34, 9.902818662346226e-07, 0.0, 0.0, 0.0, 0.0, 0.0, 0.0, 3.3744906854037336e-06
1492028605118529310,107823,1492028605,74651003,-0.108555618476,0.781288433633,0.0,0.0,0.0,0.467283401894,0.88410758526,329.5640727267235, 1.9576904626535647, 0.0, 0.0, 0.0, -148.36214110813742, 1.9576904626569387, 206.72857838003026, 0.0, 0.0, 0.0, -6.273619155544612, 0.0, 0.0, 9.9835380742934e-07, 7.787406504859142e-20, -1.1144533127241103e-17, 0.0, 0.0, 0.0, 7.787406504859142e-20, 9.967183916790081e-07, 5.271291623573184e-28, 0.0, 0.0, 0.0, -1.1144533127241101e-17, 5.272677570909414e-28, 9.967183916790081e-07, 0.0, -148.36214110813106, -6.273619155544423, 0.0, 0.0, 0.0, 215.64512198453545,0.000159993938624,-1.01993077569e-06,0.0,0.0,0.0,0.0,3.385786769643754e-06, 0.0, 0.0, 0.0, 0.0, 0.0, 0.0, 3.385786769643754e-06, 0.0, 0.0, 0.0, 0.0, 0.0, 0.0, 9.975347608152384e-07, -2.1846550849532318e-26, -1.5118319105129303e-26, 0.0, 0.0, 0.0, -2.1846550849532318e-26, 9.902818662346226e-07, 8.816884716838307e-34, 0.0, 0.0, 0.0, -1.5118319105129297e-26, -8.816884716838718e-34, 9.902818662346226e-07, 0.0, 0.0, 0.0, 0.0, 0.0, 0.0, 3.3744906854037336e-06
1492028605152311430,107824,1492028605,114512920,-0.108553172271,0.781292066821,0.0,0.0,0.0,0.467283401894,0.88410758526,329.5672291205355, 1.9573220966453961, 0.0, 0.0, 0.0, -148.36298651933689, 1.9573220966487697, 206.7305382703291, 0.0, 0.0, 0.0, -6.273047986238717, 0.0, 0.0, 9.983415050365147e-07, 8.769888392267061e-20, -4.3530118215593984e-18, 0.0, 0.0, 0.0, 8.769888392267056e-20, 9.96693949517333e-07, 2.30251707736017e-28, 0.0, 0.0, 0.0, -4.353011821559398e-18, 2.3011072364555676e-28, 9.96693949517333e-07, 0.0, -148.36298651933052, -6.273047986238528, 0.0, 0.0, 0.0, 215.64751370093322,9.43243117273e-05,-7.80353219393e-08,0.0,0.0,0.0,0.0,3.3606159611422226e-06, 0.0, 0.0, 0.0, 0.0, 0.0, 0.0, 3.3606159611422226e-06, 0.0, 0.0, 0.0, 0.0, 0.0, 0.0, 9.975163683114206e-07, -8.463258631451341e-27, -6.0229596828981215e-27, 0.0, 0.0, 0.0, -8.463258631451341e-27, 9.902104587879694e-07, 7.596355572189416e-34, 0.0, 0.0, 0.0, -6.022959682898121e-27, -7.596355572189307e-34, 9.902104587879694e-07, 0.0, 0.0, 0.0, 0.0, 0.0, 0.0, 3.3494220394351874e-06
1492028605185610249,107825,1492028605,154593945,-0.108550457557,0.781296065046,0.0,0.0,0.0,0.467283401894,0.88410758526,329.5703219063575, 1.9569760226441284, 0.0, 0.0, 0.0, -148.36377774661503, 1.9569760226475013, 206.7325111379999, 0.0, 0.0, 0.0, -6.272511509217377, 0.0, 0.0, 9.983327235843113e-07, 3.62776981869505e-20, -7.996373535208261e-18, 0.0, 0.0, 0.0, 3.627769818695049e-20, 9.96676502552265e-07, 1.7406155808761483e-28, 0.0, 0.0, 0.0, -7.996373535208261e-18, 1.739191355682274e-28, 9.96676502552265e-07, 0.0, -148.36377774660866, -6.272511509217188, 0.0, 0.0, 0.0, 215.64991856375354,0.000175129909412,-3.14886972896e-07,0.0,0.0,0.0,0.0,3.3428582578710267e-06, 0.0, 0.0, 0.0, 0.0, 0.0, 0.0, 3.3428582578710267e-06, 0.0, 0.0, 0.0, 0.0, 0.0, 0.0, 9.975032397371122e-07, -1.571195663722263e-26, -1.081620473289186e-26, 0.0, 0.0, 0.0, -1.5711956637222628e-26, 9.90159469625641e-07, 2.2718526608160873e-33, 0.0, 0.0, 0.0, -1.0816204732891858e-26, -2.2718526608160654e-33, 9.90159469625641e-07, 0.0, 0.0, 0.0, 0.0, 0.0, 0.0, 3.331726486838215e-06
1492028605218980281,107826,1492028605,194715977,-0.108543477003,0.781306284378,0.0,0.0,0.0,0.467283401894,0.88410758526,329.57511634454903, 1.956083484689501, 0.0, 0.0, 0.0, -148.3658041770835, 1.9560834846928734, 206.73443682303164, 0.0, 0.0, 0.0, -6.271128525305944, 0.0, 0.0, 9.983471127238782e-07, 1.0576578349311725e-20, -2.0750621290031607e-17, 0.0, 0.0, 0.0, 1.0576578349311725e-20, 9.967050910794215e-07, 1.327798636198442e-28, 0.0, 0.0, 0.0, -2.0750621290031594e-17, 1.327807724180367e-28, 9.967050910794215e-07, 0.0, -148.36580417707714, -6.2711285253057545, 0.0, 0.0, 0.0, 215.65232588705294,0.000377273174099,-9.92114513967e-07,0.0,0.0,0.0,0.0,3.372052420741017e-06, 0.0, 0.0, 0.0, 0.0, 0.0, 0.0, 3.372052420741017e-06, 0.0, 0.0, 0.0, 0.0, 0.0, 0.0, 9.975247520881568e-07, -4.0891331491314025e-26, -2.7907766699958024e-26, 0.0, 0.0, 0.0, -4.089133149131402e-26, 9.902430210482675e-07, -2.9172779728789973e-33, 0.0, 0.0, 0.0, -2.7907766699958e-26, 1.2078512818833432e-33, 9.902430210482675e-07, 0.0, 0.0, 0.0, 0.0, 0.0, 0.0, 3.3608173450346104e-06
1492028605252372846,107827,1492028605,235258102,-0.108534995523,0.781318714836,0.0,0.0,0.0,0.467283401894,0.88410758526,329.5807422798698, 1.9549305563476516, 0.0, 0.0, 0.0, -148.36841962572873, 1.954930556351024, 206.73636007989288, 0.0, 0.0, 0.0, -6.269342198298785, 0.0, 0.0, 9.98413977213792e-07, -2.1506235119753146e-20, -1.8031823595007236e-17, 0.0, 0.0, 0.0, -2.1506235119753146e-20, 9.968379601501779e-07, -2.445088856318295e-28, 0.0, 0.0, 0.0, -1.8031823595007227e-17, -2.4450901803951318e-28, 9.968379601501779e-07, 0.0, -148.36841962572237, -6.269342198298596, 0.0, 0.0, 0.0, 215.65475841599624,0.000456684199538,4.41784700934e-07,0.0,0.0,0.0,0.0,3.514673062879088e-06, 0.0, 0.0, 0.0, 0.0, 0.0, 0.0, 3.514673062879088e-06, 0.0, 0.0, 0.0, 0.0, 0.0, 0.0, 9.976247254415333e-07, -3.5611554084959596e-26, -2.4215641226934363e-26, 0.0, 0.0, 0.0, -3.56115540849596e-26, 9.906315951450189e-07, -1.8904820737393912e-33, 0.0, 0.0, 0.0, -2.4215641226934354e-26, 2.532905333257444e-34, 9.906315951450189e-07, 0.0, 0.0, 0.0, 0.0, 0.0, 0.0, 3.5029373188367902e-06
1492028605285664706,107828,1492028605,275229931,-0.108512167971,0.781352145709,0.0,0.0,0.0,0.467283401894,0.88410758526,329.5914674855834, 1.9521384771110974, 0.0, 0.0, 0.0, -148.37476160803553, 1.9521384771144703, 206.73810725426853, 0.0, 0.0, 0.0, -6.265016069261471, 0.0, 0.0, 9.984122841606833e-07, 1.4152857919437287e-20, -6.68842039441705e-17, 0.0, 0.0, 0.0, 1.4152857919437287e-20, 9.968345954047832e-07, 5.962693070814978e-28, 0.0, 0.0, 0.0, -6.688420394417049e-17, 5.961386387533022e-28, 9.968345954047832e-07, 0.0, -148.37476160802916, -6.265016069261282, 0.0, 0.0, 0.0, 215.65715672706105,0.00143170222202,-1.63380792681e-06,0.0,0.0,0.0,0.0,3.510914115227942e-06, 0.0, 0.0, 0.0, 0.0, 0.0, 0.0, 3.510914115227942e-06, 0.0, 0.0, 0.0, 0.0, 0.0, 0.0, 9.97622193893089e-07, -1.3196310010681347e-25, -9.000535559171036e-26, 0.0, 0.0, 0.0, -1.3196310010681347e-25, 9.90621750693992e-07, -1.0810138925215158e-32, 0.0, 0.0, 0.0, -9.000535559171036e-26, -1.0362003268608257e-32, 9.90621750693992e-07, 0.0, 0.0, 0.0, 0.0, 0.0, 0.0, 3.4991918799002463e-06
1492028605318420590,107829,1492028605,275229931,-0.108512167971,0.781352145709,0.0,0.0,0.0,0.467283401894,0.88410758526,329.5914674855834, 1.9521384771110974, 0.0, 0.0, 0.0, -148.37476160803553, 1.9521384771144703, 206.73810725426853, 0.0, 0.0, 0.0, -6.265016069261471, 0.0, 0.0, 9.984122841606833e-07, 1.4152857919437287e-20, -6.68842039441705e-17, 0.0, 0.0, 0.0, 1.4152857919437287e-20, 9.968345954047832e-07, 5.962693070814978e-28, 0.0, 0.0, 0.0, -6.688420394417049e-17, 5.961386387533022e-28, 9.968345954047832e-07, 0.0, -148.37476160802916, -6.265016069261282, 0.0, 0.0, 0.0, 215.65715672706105,0.00143170222202,-1.63380792681e-06,0.0,0.0,0.0,0.0,3.510914115227942e-06, 0.0, 0.0, 0.0, 0.0, 0.0, 0.0, 3.510914115227942e-06, 0.0, 0.0, 0.0, 0.0, 0.0, 0.0, 9.97622193893089e-07, -1.3196310010681347e-25, -9.000535559171036e-26, 0.0, 0.0, 0.0, -1.3196310010681347e-25, 9.90621750693992e-07, -1.0810138925215158e-32, 0.0, 0.0, 0.0, -9.000535559171036e-26, -1.0362003268608257e-32, 9.90621750693992e-07, 0.0, 0.0, 0.0, 0.0, 0.0, 0.0, 3.4991918799002463e-06
1492028605352254901,107830,1492028605,315042019,-0.108477329636,0.781403218544,0.0,0.0,0.0,0.467283401894,0.88410758526,329.6087937445125, 1.947230040282997, 0.0, 0.0, 0.0, -148.38590611696387, 1.94723004028637, 206.73965633498366, 0.0, 0.0, 0.0, -6.257411812722793, 0.0, 0.0, 9.983855158311698e-07, -8.474928153721356e-20, -8.158064939472095e-17, 0.0, 0.0, 0.0, -8.474928153721358e-20, 9.96781399003785e-07, -4.28242088945671e-27, 0.0, 0.0, 0.0, -8.158064939472095e-17, -4.282420582511625e-27, 9.96781399003785e-07, 0.0, -148.3859061169575, -6.257411812722604, 0.0, 0.0, 0.0, 215.65954545368817,0.0013253545528,-1.94308994806e-07,0.0,0.0,0.0,0.0,3.4525193364402185e-06, 0.0, 0.0, 0.0, 0.0, 0.0, 0.0, 3.4525193364402185e-06, 0.0, 0.0, 0.0, 0.0, 0.0, 0.0, 9.975821693612718e-07, -1.6101696643493422e-25, -1.0952680704897328e-25, 0.0, 0.0, 0.0, -1.6101696643493417e-25, 9.904661304891376e-07, -1.8729159890873265e-32, 0.0, 0.0, 0.0, -1.095268070489732e-25, -1.7849257308245276e-32, 9.904661304891376e-07, 0.0, 0.0, 0.0, 0.0, 0.0, 0.0, 3.4410008041713765e-06
1492028605385635821,107831,1492028605,355031967,-0.108457344353,0.781432493132,0.0,0.0,0.0,0.467283401894,0.88410758526,329.6205746845405, 1.944097427196219, 0.0, 0.0, 0.0, -148.39301397649584, 1.9440974271995937, 206.74137438391628, 0.0, 0.0, 0.0, -6.252559448236744, 0.0, 0.0, 9.98360256198852e-07, -1.2606938205032584e-20, -3.548858709609741e-17, 0.0, 0.0, 0.0, -1.2606938205032585e-20, 9.967312061618943e-07, -2.728489929117363e-28, 0.0, 0.0, 0.0, -3.5488587096097423e-17, -2.7284955263512637e-28, 9.967312061618945e-07, 0.0, -148.39301397648947, -6.252559448236555, 0.0, 0.0, 0.0, 215.6619448519484,0.000477405076407,-1.32406701196e-06,0.0,0.0,0.0,0.0,3.3991676376348802e-06, 0.0, 0.0, 0.0, 0.0, 0.0, 0.0, 3.3991676376348802e-06, 0.0, 0.0, 0.0, 0.0, 0.0, 0.0, 9.97544402667606e-07, -6.998803774409006e-26, -4.7677194698060587e-26, 0.0, 0.0, 0.0, -6.998803774409004e-26, 9.903193609305896e-07, -5.442285012742091e-34, 0.0, 0.0, 0.0, -4.7677194698060576e-26, -5.458301213442514e-33, 9.903193609305896e-07, 0.0, 0.0, 0.0, 0.0, 0.0, 0.0, 3.38783689900787e-06
1492028605419098656,107832,1492028605,395293951,-0.108447413022,0.781447019651,0.0,0.0,0.0,0.467283401894,0.88410758526,329.627022953421, 1.942673930334458, 0.0, 0.0, 0.0, -148.39623678691885, 1.9426739303378313, 206.74325970292062, 0.0, 0.0, 0.0, -6.250354903210118, 0.0, 0.0, 9.98399634930689e-07, 4.3589274439950626e-20, -2.4131574152685858e-17, 0.0, 0.0, 0.0, 4.358927443995061e-20, 9.968094568249495e-07, 6.572737760342576e-28, 0.0, 0.0, 0.0, -2.4131574152685855e-17, 6.572726565874774e-28, 9.968094568249495e-07, 0.0, -148.39623678691248, -6.250354903209929, 0.0, 0.0, 0.0, 215.66436057235896,0.000386836098137,-4.83258730144e-07,0.0,0.0,0.0,0.0,3.4830719170036793e-06, 0.0, 0.0, 0.0, 0.0, 0.0, 0.0, 3.4830719170036793e-06, 0.0, 0.0, 0.0, 0.0, 0.0, 0.0, 9.976032801867718e-07, -4.754058738830737e-26, -3.2536223956939477e-26, 0.0, 0.0, 0.0, -4.7540587388307373e-26, 9.905481963506238e-07, -4.502604057566479e-33, 0.0, 0.0, 0.0, -3.253622395693947e-26, -3.649872873541726e-34, 9.905481963506238e-07, 0.0, 0.0, 0.0, 0.0, 0.0, 0.0, 3.471444302610572e-06
1492028605452185237,107833,1492028605,435169935,-0.10844011447,0.781457725327,0.0,0.0,0.0,0.467283401894,0.88410758526,329.63234529861694, 1.9416082820899845, 0.0, 0.0, 0.0, -148.3986554465015, 1.9416082820933578, 206.74515786873184, 0.0, 0.0, 0.0, -6.2487043444814345, 0.0, 0.0, 9.983689410561711e-07, -1.729068382269966e-20, -1.5437815638059873e-17, 0.0, 0.0, 0.0, -1.7290683822699662e-20, 9.967484630494062e-07, -1.635860339155727e-28, 0.0, 0.0, 0.0, -1.5437815638059866e-17, -1.6372331059088997e-28, 9.967484630494062e-07, 0.0, -148.39865544649513, -6.248704344481245, 0.0, 0.0, 0.0, 215.66675313276383,0.000271330949852,5.29360289304e-07,0.0,0.0,0.0,0.0,3.4173242078364295e-06, 0.0, 0.0, 0.0, 0.0, 0.0, 0.0, 3.4173242078364295e-06, 0.0, 0.0, 0.0, 0.0, 0.0, 0.0, 9.975573875248293e-07, -3.0463874926602406e-26, -2.071847751138586e-26, 0.0, 0.0, 0.0, -3.04638749266024e-26, 9.90369814702017e-07, 1.9265693075965953e-33, 0.0, 0.0, 0.0, -2.0718477511385849e-26, -1.926569322935657e-33, 9.90369814702017e-07, 0.0, 0.0, 0.0, 0.0, 0.0, 0.0, 3.4059292570960023e-06
1492028605485680035,107834,1492028605,475171089,-0.108433166959,0.781467901616,0.0,0.0,0.0,0.467283401894,0.88410758526,329.6373567423339, 1.9406439589260076, 0.0, 0.0, 0.0, -148.40084363407226, 1.9406439589293807, 206.74707141459757, 0.0, 0.0, 0.0, -6.247210776899905, 0.0, 0.0, 9.983429989369626e-07, -8.204280396194871e-20, -1.7489613497412526e-17, 0.0, 0.0, 0.0, -8.204280396194871e-20, 9.966969178484537e-07, -8.659599494218406e-28, 0.0, 0.0, 0.0, -1.7489613497412522e-17, -8.659604730340442e-28, 9.966969178484535e-07, 0.0, -148.4008436340659, -6.247210776899716, 0.0, 0.0, 0.0, 215.66915320336602,0.000283366627038,2.83636593719e-07,0.0,0.0,0.0,0.0,3.3636598240642144e-06, 0.0, 0.0, 0.0, 0.0, 0.0, 0.0, 3.3636598240642144e-06, 0.0, 0.0, 0.0, 0.0, 0.0, 0.0, 9.975186018277873e-07, -3.459342881369956e-26, -2.334677287594866e-26, 0.0, 0.0, 0.0, -3.459342881369952e-26, 9.902191403581014e-07, -6.198794592780531e-34, 0.0, 0.0, 0.0, -2.3346772875948658e-26, 6.198794592780299e-34, 9.902191403581014e-07, 0.0, 0.0, 0.0, 0.0, 0.0, 0.0, 3.3524575468652395e-06
1492028605518597070,107835,1492028605,475171089,-0.108433166959,0.781467901616,0.0,0.0,0.0,0.467283401894,0.88410758526,329.6373567423339, 1.9406439589260076, 0.0, 0.0, 0.0, -148.40084363407226, 1.9406439589293807, 206.74707141459757, 0.0, 0.0, 0.0, -6.247210776899905, 0.0, 0.0, 9.983429989369626e-07, -8.204280396194871e-20, -1.7489613497412526e-17, 0.0, 0.0, 0.0, -8.204280396194871e-20, 9.966969178484537e-07, -8.659599494218406e-28, 0.0, 0.0, 0.0, -1.7489613497412522e-17, -8.659604730340442e-28, 9.966969178484535e-07, 0.0, -148.4008436340659, -6.247210776899716, 0.0, 0.0, 0.0, 215.66915320336602,0.000283366627038,2.83636593719e-07,0.0,0.0,0.0,0.0,3.3636598240642144e-06, 0.0, 0.0, 0.0, 0.0, 0.0, 0.0, 3.3636598240642144e-06, 0.0, 0.0, 0.0, 0.0, 0.0, 0.0, 9.975186018277873e-07, -3.459342881369956e-26, -2.334677287594866e-26, 0.0, 0.0, 0.0, -3.459342881369952e-26, 9.902191403581014e-07, -6.198794592780531e-34, 0.0, 0.0, 0.0, -2.3346772875948658e-26, 6.198794592780299e-34, 9.902191403581014e-07, 0.0, 0.0, 0.0, 0.0, 0.0, 0.0, 3.3524575468652395e-06
1492028605552327404,107836,1492028605,515260935,-0.108432682894,0.781468627505,0.0,0.0,0.0,0.467283401894,0.88410758526,329.6402114552019, 1.9403735134865754, 0.0, 0.0, 0.0, -148.40146142039603, 1.9403735134899485, 206.74905165785617, 0.0, 0.0, 0.0, -6.246791737165274, 0.0, 0.0, 9.98347425342045e-07, -2.1467082114588017e-20, 6.277627815953435e-18, 0.0, 0.0, 0.0, -2.1467082114588017e-20, 9.967057123337775e-07, 8.154656412874662e-29, 0.0, 0.0, 0.0, 6.277627815953435e-18, 8.154686505530043e-29, 9.967057123337775e-07, 0.0, -148.40146142038967, -6.2467917371650845, 0.0, 0.0, 0.0, 215.67155859547375,-0.000222699924511,-4.14711269386e-07,0.0,0.0,0.0,0.0,3.372694978735943e-06, 0.0, 0.0, 0.0, 0.0, 0.0, 0.0, 3.372694978735943e-06, 0.0, 0.0, 0.0, 0.0, 0.0, 0.0, 9.975252195104143e-07, 1.2346845121937846e-26, 8.479325215515158e-27, 0.0, 0.0, 0.0, 1.234684512193785e-26, 9.902448406159063e-07, 1.4480479593696717e-33, 0.0, 0.0, 0.0, 8.479325215515158e-27, -1.4480479593697155e-33, 9.902448406159063e-07, 0.0, 0.0, 0.0, 0.0, 0.0, 0.0, 3.3614590804867654e-06
1492028605585635697,107837,1492028605,557029963,-0.108438913655,0.781459480425,0.0,0.0,0.0,0.467283401894,0.88410758526,329.63945028534397, 1.9412844138515644, 0.0, 0.0, 0.0, -148.3993907001376, 1.9412844138549386, 206.75122188576114, 0.0, 0.0, 0.0, -6.248202737198036, 0.0, 0.0, 9.985816072319093e-07, -3.62418677834944e-20, 1.2713564659872461e-17, 0.0, 0.0, 0.0, -3.6241867783494415e-20, 9.97171219679652e-07, 3.2484904724341197e-28, 0.0, 0.0, 0.0, 1.2713564659872463e-17, 3.248485356682705e-28, 9.97171219679652e-07, 0.0, -148.39939070013122, -6.248202737197847, 0.0, 0.0, 0.0, 215.67406473862886,-0.000125785720959,-5.51897038215e-07,0.0,0.0,0.0,0.0,3.931339629136492e-06, 0.0, 0.0, 0.0, 0.0, 0.0, 0.0, 3.931339629136492e-06, 0.0, 0.0, 0.0, 0.0, 0.0, 0.0, 9.97875418284032e-07, 2.5101714206486497e-26, 1.7217836604099982e-26, 0.0, 0.0, 0.0, 2.5101714206486494e-26, 9.916079910867712e-07, 2.407672916487911e-33, 0.0, 0.0, 0.0, 1.7217836604099997e-26, -2.4076729164878233e-33, 9.916079910867712e-07, 0.0, 0.0, 0.0, 0.0, 0.0, 0.0, 3.918133913247752e-06
1492028605618956728,107838,1492028605,595369101,-0.108437733932,0.781461173885,0.0,0.0,0.0,0.467283401894,0.88410758526,329.64141767330693, 1.9412661041755281, 0.0, 0.0, 0.0, -148.39942733184282, 1.9412661041789012, 206.75313723496805, 0.0, 0.0, 0.0, -6.248174583382444, 0.0, 0.0, 9.98341032497674e-07, -5.27334103627227e-20, -7.926200139032304e-18, 0.0, 0.0, 0.0, -5.273341036272273e-20, 9.966930092961497e-07, -2.5201932028386605e-28, 0.0, 0.0, 0.0, -7.926200139032305e-18, -2.5187890795385806e-28, 9.966930092961497e-07, 0.0, -148.39942733183645, -6.248174583382255, 0.0, 0.0, 0.0, 215.6763650881472,0.000232542716196,-1.64492851306e-06,0.0,0.0,0.0,0.0,3.3596276869391654e-06, 0.0, 0.0, 0.0, 0.0, 0.0, 0.0, 3.3596276869391654e-06, 0.0, 0.0, 0.0, 0.0, 0.0, 0.0, 9.975156614138806e-07, -1.5677481414228378e-26, -1.0535882598652044e-26, 0.0, 0.0, 0.0, -1.5677481414228378e-26, 9.90207669373962e-07, -3.2736733176421958e-34, 0.0, 0.0, 0.0, -1.0535882598652046e-26, 3.2736733176423754e-34, 9.90207669373962e-07, 0.0, 0.0, 0.0, 0.0, 0.0, 0.0, 3.3484218667856653e-06
1492028605652289898,107839,1492028605,635461092,-0.108431335065,0.781470524068,0.0,0.0,0.0,0.467283401894,0.88410758526,329.64615651636257, 1.9403863665726506, 0.0, 0.0, 0.0, -148.40141421506618, 1.9403863665760237, 206.75506294322366, 0.0, 0.0, 0.0, -6.246812373671377, 0.0, 0.0, 9.983477769117002e-07, 1.0129786432120805e-20, -1.653884991584391e-17, 0.0, 0.0, 0.0, 1.0129786432120805e-20, 9.96706411087657e-07, 1.013302822594135e-28, 0.0, 0.0, 0.0, -1.653884991584391e-17, 1.0146908162309306e-28, 9.96706411087657e-07, 0.0, -148.40141421505982, -6.246812373671188, 0.0, 0.0, 0.0, 215.6787706090001,0.000268142704058,1.81982623539e-07,0.0,0.0,0.0,0.0,3.3734199367002337e-06, 0.0, 0.0, 0.0, 0.0, 0.0, 0.0, 3.3734199367002337e-06, 0.0, 0.0, 0.0, 0.0, 0.0, 0.0, 9.975257452015878e-07, -3.259908960093893e-26, -2.2253342663805506e-26, 0.0, 0.0, 0.0, -3.259908960093896e-26, 9.90246889962826e-07, 4.8812014587094514e-34, 0.0, 0.0, 0.0, -2.2253342663805526e-26, -4.881201458709605e-34, 9.90246889962826e-07, 0.0, 0.0, 0.0, 0.0, 0.0, 0.0, 3.3621842290069957e-06
1492028605685932896,107840,1492028605,675527096,-0.108429829811,0.781472767526,0.0,0.0,0.0,0.467283401894,0.88410758526,329.6494492794847, 1.9399755380087174, 0.0, 0.0, 0.0, -148.4023512126337, 1.939975538012091, 206.75702940040912, 0.0, 0.0, 0.0, -6.246175858473973, 0.0, 0.0, 9.983604485053487e-07, 8.463094634623717e-20, 3.521281758986684e-18, 0.0, 0.0, 0.0, 8.463094634623717e-20, 9.96731588353101e-07, -1.8169385595688238e-28, 0.0, 0.0, 0.0, 3.521281758986685e-18, -1.818317826335559e-28, 9.96731588353101e-07, 0.0, -148.40235121262734, -6.246175858473784, 0.0, 0.0, 0.0, 215.68117457059236,-0.000228792045997,1.63371786673e-06,0.0,0.0,0.0,0.0,3.3995694021667806e-06, 0.0, 0.0, 0.0, 0.0, 0.0, 0.0, 3.3995694021667806e-06, 0.0, 0.0, 0.0, 0.0, 0.0, 0.0, 9.97544690211518e-07, 7.05602914127907e-27, 4.565954208941486e-27, 0.0, 0.0, 0.0, 7.056029141279074e-27, 9.90320480779641e-07, 7.004865560250173e-34, 0.0, 0.0, 0.0, 4.5659542089414865e-27, -7.0048655602510485e-34, 9.90320480779641e-07, 0.0, 0.0, 0.0, 0.0, 0.0, 0.0, 3.3882382352920543e-06
1492028605718502713,107841,1492028605,675527096,-0.108429829811,0.781472767526,0.0,0.0,0.0,0.467283401894,0.88410758526,329.6494492794847, 1.9399755380087174, 0.0, 0.0, 0.0, -148.4023512126337, 1.939975538012091, 206.75702940040912, 0.0, 0.0, 0.0, -6.246175858473973, 0.0, 0.0, 9.983604485053487e-07, 8.463094634623717e-20, 3.521281758986684e-18, 0.0, 0.0, 0.0, 8.463094634623717e-20, 9.96731588353101e-07, -1.8169385595688238e-28, 0.0, 0.0, 0.0, 3.521281758986685e-18, -1.818317826335559e-28, 9.96731588353101e-07, 0.0, -148.40235121262734, -6.246175858473784, 0.0, 0.0, 0.0, 215.68117457059236,-0.000228792045997,1.63371786673e-06,0.0,0.0,0.0,0.0,3.3995694021667806e-06, 0.0, 0.0, 0.0, 0.0, 0.0, 0.0, 3.3995694021667806e-06, 0.0, 0.0, 0.0, 0.0, 0.0, 0.0, 9.97544690211518e-07, 7.05602914127907e-27, 4.565954208941486e-27, 0.0, 0.0, 0.0, 7.056029141279074e-27, 9.90320480779641e-07, 7.004865560250173e-34, 0.0, 0.0, 0.0, 4.5659542089414865e-27, -7.0048655602510485e-34, 9.90320480779641e-07, 0.0, 0.0, 0.0, 0.0, 0.0, 0.0, 3.3882382352920543e-06
1492028605752271767,107842,1492028605,715519905,-0.108439004302,0.781459294702,0.0,0.0,0.0,0.467283401894,0.88410758526,329.6476335386318, 1.9411971658469138, 0.0, 0.0, 0.0, -148.39957860371803, 1.9411971658502876, 206.75913868037526, 0.0, 0.0, 0.0, -6.2480680581221675, 0.0, 0.0, 9.98342645352466e-07, 5.990193970044935e-20, 2.595168930394533e-17, 0.0, 0.0, 0.0, 5.990193970044936e-20, 9.966962152314787e-07, -9.381154624746363e-28, 0.0, 0.0, 0.0, 2.5951689303945325e-17, -9.378341081838856e-28, 9.966962152314787e-07, 0.0, -148.39957860371166, -6.248068058121978, 0.0, 0.0, 0.0, 215.68357414051337,-0.000384756608619,-1.75379056103e-06,0.0,0.0,0.0,0.0,3.3629376957634364e-06, 0.0, 0.0, 0.0, 0.0, 0.0, 0.0, 3.3629376957634364e-06, 0.0, 0.0, 0.0, 0.0, 0.0, 0.0, 9.975180731691984e-07, 5.1243546212150046e-26, 3.4761779291247015e-26, 0.0, 0.0, 0.0, 5.124354621215003e-26, 9.902170837151917e-07, -2.6369905624593947e-33, 0.0, 0.0, 0.0, 3.4761779291247003e-26, 8.164898780986676e-34, 9.902170837151917e-07, 0.0, 0.0, 0.0, 0.0, 0.0, 0.0, 3.35173674183103e-06
1492028605785693680,107843,1492028605,755826950,-0.108442961508,0.781453473193,0.0,0.0,0.0,0.467283401894,0.88410758526,329.6474810760238, 1.9418868477687825, 0.0, 0.0, 0.0, -148.39800322340875, 1.941886847772155, 206.76121598378288, 0.0, 0.0, 0.0, -6.249136782252126, 0.0, 0.0, 9.98353962772596e-07, 1.193849030594069e-20, 4.3536938461390414e-18, 0.0, 0.0, 0.0, 1.1938490305940697e-20, 9.967187020677309e-07, -3.1506943980118104e-29, 0.0, 0.0, 0.0, 4.3536938461390445e-18, -3.164658593814833e-29, 9.967187020677309e-07, 0.0, -148.39800322340238, -6.249136782251937, 0.0, 0.0, 0.0, 215.6859925646014,-4.43334815887e-05,8.28724179515e-07,0.0,0.0,0.0,0.0,3.386144212256443e-06, 0.0, 0.0, 0.0, 0.0, 0.0, 0.0, 3.386144212256443e-06, 0.0, 0.0, 0.0, 0.0, 0.0, 0.0, 9.975349936113286e-07, 8.604063691267439e-27, 5.831238645494098e-27, 0.0, 0.0, 0.0, 8.604063691267439e-27, 9.902828261197038e-07, -4.683778423000401e-34, 0.0, 0.0, 0.0, 5.8312386454940965e-27, 4.683778422986278e-34, 9.902828261197038e-07, 0.0, 0.0, 0.0, 0.0, 0.0, 0.0, 3.3748671434428386e-06
1492028605819007127,107844,1492028605,795878887,-0.108445167737,0.781450185024,0.0,0.0,0.0,0.467283401894,0.88410758526,329.6486178401783, 1.9421604862041848, 0.0, 0.0, 0.0, -148.3973739861551, 1.9421604862075579, 206.76324318966925, 0.0, 0.0, 0.0, -6.249560997887872, 0.0, 0.0, 9.983679510100457e-07, -1.570211426878859e-20, 7.454177745905767e-18, 0.0, 0.0, 0.0, -1.570211426878859e-20, 9.96746495949975e-07, 7.164970366408886e-29, 0.0, 0.0, 0.0, 7.454177745905768e-18, 7.178467524200395e-29, 9.96746495949975e-07, 0.0, -148.39737398614872, -6.2495609978876825, 0.0, 0.0, 0.0, 215.68839568219016,-0.0001348583324,-1.45413175508e-06,0.0,0.0,0.0,0.0,3.415248209449123e-06, 0.0, 0.0, 0.0, 0.0, 0.0, 0.0, 3.415248209449123e-06, 0.0, 0.0, 0.0, 0.0, 0.0, 0.0, 9.97555907331655e-07, 1.4678782154674442e-26, 1.0052471839410071e-26, 0.0, 0.0, 0.0, 1.4678782154674448e-26, 9.903640680533525e-07, -4.964107760270188e-34, 0.0, 0.0, 0.0, 1.0052471839410071e-26, 4.96410776027009e-34, 9.903640680533525e-07, 0.0, 0.0, 0.0, 0.0, 0.0, 0.0, 3.4038625524257245e-06
1492028605852271750,107845,1492028605,836157084,-0.108445826476,0.781449189834,0.0,0.0,0.0,0.467283401894,0.88410758526,329.6499779563886, 1.9423658694977195, 0.0, 0.0, 0.0, -148.39689883666068, 1.942365869501094, 206.76527558545337, 0.0, 0.0, 0.0, -6.2498795241661265, 0.0, 0.0, 9.984031808065345e-07, -4.571654083718691e-20, -2.3461996941560057e-18, 0.0, 0.0, 0.0, -4.571654083718694e-20, 9.968165028600595e-07, -6.717115218994186e-29, 0.0, 0.0, 0.0, -2.3461996941560057e-18, -6.717062857773823e-29, 9.968165028600595e-07, 0.0, -148.39689883665432, -6.249879524165937, 0.0, 0.0, 0.0, 215.6908123753511,0.000145667396127,-2.10235165605e-07,0.0,0.0,0.0,0.0,3.4908151598289375e-06, 0.0, 0.0, 0.0, 0.0, 0.0, 0.0, 3.4908151598289375e-06, 0.0, 0.0, 0.0, 0.0, 0.0, 0.0, 9.976085818518008e-07, -4.6861870501462474e-27, -3.0627536676955234e-27, 0.0, 0.0, 0.0, -4.68618705014625e-27, 9.90568787883085e-07, -4.145497189394799e-34, 0.0, 0.0, 0.0, -3.0627536676955256e-27, 4.145497189394891e-34, 9.90568787883085e-07, 0.0, 0.0, 0.0, 0.0, 0.0, 0.0, 3.4791518370716935e-06
1492028605885647365,107846,1492028605,875798941,-0.108439603469,0.781458301874,0.0,0.0,0.0,0.467283401894,0.88410758526,329.65439818563266, 1.9415855999015017, 0.0, 0.0, 0.0, -148.39867069845994, 1.9415855999048757, 206.76718766339417, 0.0, 0.0, 0.0, -6.2486708088037535, 0.0, 0.0, 9.983485575376483e-07, 3.0710405980681346e-20, -1.8924523669274856e-17, 0.0, 0.0, 0.0, 3.071040598068134e-20, 9.967079619869174e-07, 3.518519031220267e-28, 0.0, 0.0, 0.0, -1.892452366927485e-17, 3.519927728603965e-28, 9.967079619869174e-07, 0.0, -148.39867069845357, -6.248670808803564, 0.0, 0.0, 0.0, 215.69319088811451,0.000362313538284,-1.10933621593e-06,0.0,0.0,0.0,0.0,3.375017180267754e-06, 0.0, 0.0, 0.0, 0.0, 0.0, 0.0, 3.375017180267754e-06, 0.0, 0.0, 0.0, 0.0, 0.0, 0.0, 9.975269122540717e-07, -3.727239201172994e-26, -2.5498755376137793e-26, 0.0, 0.0, 0.0, -3.727239201172992e-26, 9.902514198124843e-07, 1.5337850123749338e-34, 0.0, 0.0, 0.0, -2.5498755376137793e-26, -1.8626413268811847e-33, 9.902514198124843e-07, 0.0, 0.0, 0.0, 0.0, 0.0, 0.0, 3.3637745012694768e-06
1492028605918453011,107847,1492028605,875798941,-0.108439603469,0.781458301874,0.0,0.0,0.0,0.467283401894,0.88410758526,329.65439818563266, 1.9415855999015017, 0.0, 0.0, 0.0, -148.39867069845994, 1.9415855999048757, 206.76718766339417, 0.0, 0.0, 0.0, -6.2486708088037535, 0.0, 0.0, 9.983485575376483e-07, 3.0710405980681346e-20, -1.8924523669274856e-17, 0.0, 0.0, 0.0, 3.071040598068134e-20, 9.967079619869174e-07, 3.518519031220267e-28, 0.0, 0.0, 0.0, -1.892452366927485e-17, 3.519927728603965e-28, 9.967079619869174e-07, 0.0, -148.39867069845357, -6.248670808803564, 0.0, 0.0, 0.0, 215.69319088811451,0.000362313538284,-1.10933621593e-06,0.0,0.0,0.0,0.0,3.375017180267754e-06, 0.0, 0.0, 0.0, 0.0, 0.0, 0.0, 3.375017180267754e-06, 0.0, 0.0, 0.0, 0.0, 0.0, 0.0, 9.975269122540717e-07, -3.727239201172994e-26, -2.5498755376137793e-26, 0.0, 0.0, 0.0, -3.727239201172992e-26, 9.902514198124843e-07, 1.5337850123749338e-34, 0.0, 0.0, 0.0, -2.5498755376137793e-26, -1.8626413268811847e-33, 9.902514198124843e-07, 0.0, 0.0, 0.0, 0.0, 0.0, 0.0, 3.3637745012694768e-06
1492028605952308247,107848,1492028605,916039944,-0.108433521636,0.781467222329,0.0,0.0,0.0,0.467283401894,0.88410758526,329.6593032344418, 1.9406585513920462, 0.0, 0.0, 0.0, -148.40077311668674, 1.940658551395421, 206.7691165508292, 0.0, 0.0, 0.0, -6.2472348588184206, 0.0, 0.0, 9.983028098054593e-07, 6.689289326817617e-20, -1.1768897807179153e-17, 0.0, 0.0, 0.0, 6.689289326817612e-20, 9.966170757045801e-07, 4.638584396019362e-28, 0.0, 0.0, 0.0, -1.1768897807179143e-17, 4.638580423788852e-28, 9.966170757045801e-07, 0.0, -148.40077311668037, -6.247234858818231, 0.0, 0.0, 0.0, 215.69560534968988,0.000171159632727,5.46195655818e-07,0.0,0.0,0.0,0.0,3.2837718608133217e-06, 0.0, 0.0, 0.0, 0.0, 0.0, 0.0, 3.2837718608133217e-06, 0.0, 0.0, 0.0, 0.0, 0.0, 0.0, 9.974585197038833e-07, -2.311730719707906e-26, -1.595317404062658e-26, 0.0, 0.0, 0.0, -2.3117307197079045e-26, 9.899858818121726e-07, -2.467040918244041e-34, 0.0, 0.0, 0.0, -1.5953174040626567e-26, 2.4670409182282763e-34, 9.899858818121726e-07, 0.0, 0.0, 0.0, 0.0, 0.0, 0.0, 3.272860736522624e-06
1492028605985848806,107849,1492028605,955939054,-0.108432505304,0.781468703494,0.0,0.0,0.0,0.467283401894,0.88410758526,329.66213265562715, 1.9403892192185332, 0.0, 0.0, 0.0, -148.4013795315084, 1.9403892192219083, 206.7710873784912, 0.0, 0.0, 0.0, -6.246817866201076, 0.0, 0.0, 9.983507004895759e-07, -3.969863048868653e-20, 7.302469603534798e-19, 0.0, 0.0, 0.0, -3.969863048868655e-20, 9.967122196683851e-07, 1.764667617171939e-29, 0.0, 0.0, 0.0, 7.302469603534805e-19, 1.7507678196514317e-29, 9.967122196683851e-07, 0.0, -148.40137953150204, -6.246817866200887, 0.0, 0.0, 0.0, 215.6979992976781,-0.000144009469328,1.75198909548e-06,0.0,0.0,0.0,0.0,3.3794134858451846e-06, 0.0, 0.0, 0.0, 0.0, 0.0, 0.0, 3.3794134858451846e-06, 0.0, 0.0, 0.0, 0.0, 0.0, 0.0, 9.975301160766315e-07, 1.3859936615737667e-27, 1.0595272735032744e-27, 0.0, 0.0, 0.0, 1.3859936615737671e-27, 9.902638611232521e-07, -7.969601937790368e-34, 0.0, 0.0, 0.0, 1.0595272735032747e-27, 7.969601937790368e-34, 9.902638611232521e-07, 0.0, 0.0, 0.0, 0.0, 0.0, 0.0, 3.3681537213965367e-06
1492028606018971480,107850,1492028605,996020079,-0.108441654696,0.781455323459,0.0,0.0,0.0,0.467283401894,0.88410758526,329.66076187891747, 1.941475028721648, 0.0, 0.0, 0.0, -148.39892686111526, 1.941475028725023, 206.7731888632236, 0.0, 0.0, 0.0, -6.248499344635189, 0.0, 0.0, 9.983097449554392e-07, 6.23454926350449e-22, 2.900204480883895e-17, 0.0, 0.0, 0.0, 6.234549263504491e-22, 9.966308522535881e-07, -1.069722880129648e-29, 0.0, 0.0, 0.0, 2.900204480883898e-17, -1.0697138523330337e-29, 9.966308522535881e-07, 0.0, -148.3989268611089, -6.2484993446349995, 0.0, 0.0, 0.0, 215.70040416050486,-0.000627038103677,-1.36589551163e-06,0.0,0.0,0.0,0.0,3.297279152515132e-06, 0.0, 0.0, 0.0, 0.0, 0.0, 0.0, 3.297279152515132e-06, 0.0, 0.0, 0.0, 0.0, 0.0, 0.0, 9.974688871988836e-07, 5.717327195834931e-26, 3.8975472693655504e-26, 0.0, 0.0, 0.0, 5.717327195834934e-26, 9.900261096454103e-07, -1.584983069782705e-33, 0.0, 0.0, 0.0, 3.8975472693655515e-26, -1.456318536358875e-33, 9.900261096454103e-07, 0.0, 0.0, 0.0, 0.0, 0.0, 0.0, 3.286314900384311e-06
1492028606052361798,107851,1492028606,35996914,-0.108460677593,0.781427392982,0.0,0.0,0.0,0.467283401894,0.88410758526,329.65492894484345, 1.9439755240099588, 0.0, 0.0, 0.0, -148.39323489536875, 1.943975524013333, 206.77541226713214, 0.0, 0.0, 0.0, -6.252373689867078, 0.0, 0.0, 9.983460959434895e-07, -4.5108275160475535e-20, 5.4125197514641905e-17, 0.0, 0.0, 0.0, -4.510827516047552e-20, 9.967030707467233e-07, 1.4761307512496088e-27, 0.0, 0.0, 0.0, 5.412519751464189e-17, 1.4762710492275264e-27, 9.967030707467233e-07, 0.0, -148.39323489536238, -6.2523736898668885, 0.0, 0.0, 0.0, 215.70280277197043,-0.0010138933776,-2.37093229962e-07,0.0,0.0,0.0,0.0,3.369970085125091e-06, 0.0, 0.0, 0.0, 0.0, 0.0, 0.0, 3.369970085125091e-06, 0.0, 0.0, 0.0, 0.0, 0.0, 0.0, 9.975232318998908e-07, 1.066236407947022e-25, 7.281977457290576e-26, 0.0, 0.0, 0.0, 1.066236407947022e-25, 9.902371120672561e-07, -8.201327551534874e-33, 0.0, 0.0, 0.0, 7.281977457290574e-26, -5.2793276024464796e-33, 9.902371120672561e-07, 0.0, 0.0, 0.0, 0.0, 0.0, 0.0, 3.3587408914982874e-06
1492028606085656457,107852,1492028606,76095104,-0.108484435525,0.781392614561,0.0,0.0,0.0,0.467283401894,0.88410758526,329.6466072604472, 1.9472840555901334, 0.0, 0.0, 0.0, -148.3857293418532, 1.9472840555935071, 206.77771447506612, 0.0, 0.0, 0.0, -6.257499452861534, 0.0, 0.0, 9.983322463252476e-07, 6.672702906418392e-20, 5.800002347157919e-17, 0.0, 0.0, 0.0, 6.672702906418392e-20, 9.966755547306497e-07, -2.3205895044202195e-27, 0.0, 0.0, 0.0, 5.800002347157917e-17, -2.3205870007112918e-27, 9.966755547306497e-07, 0.0, -148.38572934184683, -6.257499452861345, 0.0, 0.0, 0.0, 215.70520866476153,-0.00103830041663,8.73039454162e-07,0.0,0.0,0.0,0.0,3.3419066432725013e-06, 0.0, 0.0, 0.0, 0.0, 0.0, 0.0, 3.3419066432725013e-06, 0.0, 0.0, 0.0, 0.0, 0.0, 0.0, 9.975025263437438e-07, 1.1444168528534483e-25, 7.78267164671621e-26, 0.0, 0.0, 0.0, 1.1444168528534483e-25, 9.901567112561566e-07, -1.00910767888767e-32, 0.0, 0.0, 0.0, 7.782671646716209e-26, -7.838042769982786e-33, 9.901567112561566e-07, 0.0, 0.0, 0.0, 0.0, 0.0, 0.0, 3.330782667539116e-06
1492028606118498885,107853,1492028606,76095104,-0.108484435525,0.781392614561,0.0,0.0,0.0,0.467283401894,0.88410758526,329.6466072604472, 1.9472840555901334, 0.0, 0.0, 0.0, -148.3857293418532, 1.9472840555935071, 206.77771447506612, 0.0, 0.0, 0.0, -6.257499452861534, 0.0, 0.0, 9.983322463252476e-07, 6.672702906418392e-20, 5.800002347157919e-17, 0.0, 0.0, 0.0, 6.672702906418392e-20, 9.966755547306497e-07, -2.3205895044202195e-27, 0.0, 0.0, 0.0, 5.800002347157917e-17, -2.3205870007112918e-27, 9.966755547306497e-07, 0.0, -148.38572934184683, -6.257499452861345, 0.0, 0.0, 0.0, 215.70520866476153,-0.00103830041663,8.73039454162e-07,0.0,0.0,0.0,0.0,3.3419066432725013e-06, 0.0, 0.0, 0.0, 0.0, 0.0, 0.0, 3.3419066432725013e-06, 0.0, 0.0, 0.0, 0.0, 0.0, 0.0, 9.975025263437438e-07, 1.1444168528534483e-25, 7.78267164671621e-26, 0.0, 0.0, 0.0, 1.1444168528534483e-25, 9.901567112561566e-07, -1.00910767888767e-32, 0.0, 0.0, 0.0, 7.782671646716209e-26, -7.838042769982786e-33, 9.901567112561566e-07, 0.0, 0.0, 0.0, 0.0, 0.0, 0.0, 3.330782667539116e-06
1492028606152260825,107854,1492028606,116173029,-0.108506085844,0.781360850603,0.0,0.0,0.0,0.467283401894,0.88410758526,329.6389127766934, 1.9503860491908669, 0.0, 0.0, 0.0, -148.37867996122895, 1.9503860491942402, 206.779997390963, 0.0, 0.0, 0.0, -6.262306278086008, 0.0, 0.0, 9.98349882916105e-07, -3.080545212116183e-20, 5.0179357392452665e-17, 0.0, 0.0, 0.0, -3.080545212116184e-20, 9.967105952127335e-07, 9.367802754295034e-28, 0.0, 0.0, 0.0, 5.017935739245264e-17, 9.36780793023176e-28, 9.967105952127333e-07, 0.0, -148.3786799612226, -6.26230627808582, 0.0, 0.0, 0.0, 215.70761334160954,-0.000846541866198,-3.15705315515e-07,0.0,0.0,0.0,0.0,3.377733307255391e-06, 0.0, 0.0, 0.0, 0.0, 0.0, 0.0, 3.377733307255391e-06, 0.0, 0.0, 0.0, 0.0, 0.0, 0.0, 9.97528893738366e-07, 9.888827117162514e-26, 6.750499561812092e-26, 0.0, 0.0, 0.0, 9.888827117162515e-26, 9.902591120981637e-07, -5.392857909694085e-33, 0.0, 0.0, 0.0, 6.750499561812094e-26, -8.299552911166217e-33, 9.902591120981637e-07, 0.0, 0.0, 0.0, 0.0, 0.0, 0.0, 3.366479212429563e-06
1492028606185718880,107855,1492028606,156238079,-0.108521389216,0.781338366914,0.0,0.0,0.0,0.467283401894,0.88410758526,329.63369450240145, 1.9526931288648437, 0.0, 0.0, 0.0, -148.37343063079294, 1.9526931288682157, 206.78220834031578, 0.0, 0.0, 0.0, -6.265881914485806, 0.0, 0.0, 9.98351361721772e-07, 2.571974723730293e-20, 3.2012364576722415e-17, 0.0, 0.0, 0.0, 2.5719747237302932e-20, 9.967135333724713e-07, -4.994123702668506e-28, 0.0, 0.0, 0.0, 3.201236457672243e-17, -4.9941179850639835e-28, 9.967135333724715e-07, 0.0, -148.37343063078657, -6.265881914485617, 0.0, 0.0, 0.0, 215.71001724598338,-0.000427180442116,-1.52325606766e-06,0.0,0.0,0.0,0.0,3.3807710459266526e-06, 0.0, 0.0, 0.0, 0.0, 0.0, 0.0, 3.3807710459266526e-06, 0.0, 0.0, 0.0, 0.0, 0.0, 0.0, 9.975311046366475e-07, 6.314498350702883e-26, 4.297416520382252e-26, 0.0, 0.0, 0.0, 6.314498350702883e-26, 9.902676981660509e-07, -3.38663777276276e-33, 0.0, 0.0, 0.0, 4.297416520382251e-26, -2.3439114199943772e-33, 9.902676981660509e-07, 0.0, 0.0, 0.0, 0.0, 0.0, 0.0, 3.369505304189689e-06
1492028606218892460,107856,1492028606,196247101,-0.108522235055,0.781337100908,0.0,0.0,0.0,0.467283401894,0.88410758526,329.63440153883283, 1.9531047574716907, 0.0, 0.0, 0.0, -148.37249040602464, 1.9531047574750628, 206.78424589320906, 0.0, 0.0, 0.0, -6.266520062773911, 0.0, 0.0, 9.983278980625502e-07, 4.909766979823506e-20, -9.434765724777164e-18, 0.0, 0.0, 0.0, 4.9097669798235066e-20, 9.966669156791926e-07, 2.7695895148718295e-28, 0.0, 0.0, 0.0, -9.434765724777163e-18, 2.771043351238599e-28, 9.966669156791926e-07, 0.0, -148.37249040601827, -6.266520062773723, 0.0, 0.0, 0.0, 215.71241778865468,0.000299604178894,-1.37624936516e-06,0.0,0.0,0.0,0.0,3.333183855626141e-06, 0.0, 0.0, 0.0, 0.0, 0.0, 0.0, 3.333183855626141e-06, 0.0, 0.0, 0.0, 0.0, 0.0, 0.0, 9.974960255763962e-07, -1.8530448116479815e-26, -1.2774696755546615e-26, 0.0, 0.0, 0.0, -1.853044811647982e-26, 9.90131460827683e-07, -2.5778950151222137e-33, 0.0, 0.0, 0.0, -1.2774696755546616e-26, 2.5778950151161268e-33, 9.90131460827683e-07, 0.0, 0.0, 0.0, 0.0, 0.0, 0.0, 3.3220882833584058e-06
1492028606252275454,107857,1492028606,236365080,-0.108514439131,0.781348496222,0.0,0.0,0.0,0.467283401894,0.88410758526,329.6399004320959, 1.9519829635193224, 0.0, 0.0, 0.0, -148.37502953338017, 1.9519829635226937, 206.78615084573056, 0.0, 0.0, 0.0, -6.2647819171046075, 0.0, 0.0, 9.98342330963382e-07, -2.8916953309991573e-20, -1.7927137779255747e-17, 0.0, 0.0, 0.0, -2.891695330999157e-20, 9.966955907080903e-07, -3.126572727311467e-28, 0.0, 0.0, 0.0, -1.792713777925575e-17, -3.1279731191222794e-28, 9.966955907080903e-07, 0.0, -148.3750295333738, -6.264781917104419, 0.0, 0.0, 0.0, 215.7148248687667,0.000219693666532,-5.59375665597e-07,0.0,0.0,0.0,0.0,3.3623003722914226e-06, 0.0, 0.0, 0.0, 0.0, 0.0, 0.0, 3.3623003722914226e-06, 0.0, 0.0, 0.0, 0.0, 0.0, 0.0, 9.97517603178518e-07, -3.538518987229167e-26, -2.4039972413647568e-26, 0.0, 0.0, 0.0, -3.5385189872291684e-26, 9.902152619394614e-07, 1.3705375847628401e-33, 0.0, 0.0, 0.0, -2.4039972413647577e-26, -1.3709236681512587e-33, 9.902152619394614e-07, 0.0, 0.0, 0.0, 0.0, 0.0, 0.0, 3.3511030551645605e-06
1492028606285694257,107858,1492028606,276478052,-0.108511296472,0.781353138227,0.0,0.0,0.0,0.467283401894,0.88410758526,329.6433477099665, 1.951523344446174, 0.0, 0.0, 0.0, -148.3760774691079, 1.9515233444495463, 206.78811514092556, 0.0, 0.0, 0.0, -6.264069456827156, 0.0, 0.0, 9.98354466377305e-07, 1.1396958178113544e-21, -5.968020852379216e-18, 0.0, 0.0, 0.0, 1.1396958178113546e-21, 9.967197020683664e-07, 4.133689643480162e-30, 0.0, 0.0, 0.0, -5.968020852379218e-18, 4.132979456813169e-30, 9.967197020683664e-07, 0.0, -148.37607746910155, -6.2640694568269675, 0.0, 0.0, 0.0, 215.71723164847137,0.000171142625647,1.47063893297e-06,0.0,0.0,0.0,0.0,3.387169939228736e-06, 0.0, 0.0, 0.0, 0.0, 0.0, 0.0, 3.387169939228736e-06, 0.0, 0.0, 0.0, 0.0, 0.0, 0.0, 9.975357463460012e-07, -1.1764368594961615e-26, -8.023523403278441e-27, 0.0, 0.0, 0.0, -1.1764368594961606e-26, 9.902857303761955e-07, 7.2385889839398995e-34, 0.0, 0.0, 0.0, -8.023523403278438e-27, -7.238588983939954e-34, 9.902857303761955e-07, 0.0, 0.0, 0.0, 0.0, 0.0, 0.0, 3.3758816346532456e-06
1492028606318505337,107859,1492028606,276478052,-0.108511296472,0.781353138227,0.0,0.0,0.0,0.467283401894,0.88410758526,329.6433477099665, 1.951523344446174, 0.0, 0.0, 0.0, -148.3760774691079, 1.9515233444495463, 206.78811514092556, 0.0, 0.0, 0.0, -6.264069456827156, 0.0, 0.0, 9.98354466377305e-07, 1.1396958178113544e-21, -5.968020852379216e-18, 0.0, 0.0, 0.0, 1.1396958178113546e-21, 9.967197020683664e-07, 4.133689643480162e-30, 0.0, 0.0, 0.0, -5.968020852379218e-18, 4.132979456813169e-30, 9.967197020683664e-07, 0.0, -148.37607746910155, -6.2640694568269675, 0.0, 0.0, 0.0, 215.71723164847137,0.000171142625647,1.47063893297e-06,0.0,0.0,0.0,0.0,3.387169939228736e-06, 0.0, 0.0, 0.0, 0.0, 0.0, 0.0, 3.387169939228736e-06, 0.0, 0.0, 0.0, 0.0, 0.0, 0.0, 9.975357463460012e-07, -1.1764368594961615e-26, -8.023523403278441e-27, 0.0, 0.0, 0.0, -1.1764368594961606e-26, 9.902857303761955e-07, 7.2385889839398995e-34, 0.0, 0.0, 0.0, -8.023523403278438e-27, -7.238588983939954e-34, 9.902857303761955e-07, 0.0, 0.0, 0.0, 0.0, 0.0, 0.0, 3.3758816346532456e-06
1492028606352270397,107860,1492028606,316366911,-0.108505300731,0.781361915534,0.0,0.0,0.0,0.467283401894,0.88410758526,329.64776875376367, 1.9507463091697326, 0.0, 0.0, 0.0, -148.37784141066365, 1.9507463091731059, 206.79003968366194, 0.0, 0.0, 0.0, -6.262865300037842, 0.0, 0.0, 9.983413475574576e-07, -4.405233473497806e-20, -1.866875061599216e-17, 0.0, 0.0, 0.0, -4.405233473497806e-20, 9.966936362010017e-07, -4.958263729698366e-28, 0.0, 0.0, 0.0, -1.8668750615992164e-17, -4.958256266719832e-28, 9.966936362010019e-07, 0.0, -148.37784141065728, -6.262865300037654, 0.0, 0.0, 0.0, 215.7196249813507,0.000319355936748,9.02557594865e-07,0.0,0.0,0.0,0.0,3.3602867210114877e-06, 0.0, 0.0, 0.0, 0.0, 0.0, 0.0, 3.3602867210114877e-06, 0.0, 0.0, 0.0, 0.0, 0.0, 0.0, 9.975161327369266e-07, -3.684714574281895e-26, -2.499299346123259e-26, 0.0, 0.0, 0.0, -3.6847145742818954e-26, 9.902095299537816e-07, 1.9853598139306266e-34, 0.0, 0.0, 0.0, -2.49929934612326e-26, -1.9138173381129595e-33, 9.902095299537816e-07, 0.0, 0.0, 0.0, 0.0, 0.0, 0.0, 3.3490889325327472e-06
1492028606385663650,107861,1492028606,356535912,-0.108498093566,0.781372484019,0.0,0.0,0.0,0.467283401894,0.88410758526,329.65290042072536, 1.949748505467198, 0.0, 0.0, 0.0, -148.38011173324838, 1.9497485054705725, 206.79195837625116, 0.0, 0.0, 0.0, -6.261318829455264, 0.0, 0.0, 9.983573663925699e-07, -8.067294781137591e-21, -1.8266289672071112e-17, 0.0, 0.0, 0.0, -8.06729478113759e-21, 9.96725464239942e-07, -8.957068040813761e-29, 0.0, 0.0, 0.0, -1.8266289672071112e-17, -8.984753283764327e-29, 9.96725464239942e-07, 0.0, -148.38011173324202, -6.2613188294550755, 0.0, 0.0, 0.0, 215.722035122762,0.000338466990664,-4.02954069774e-07,0.0,0.0,0.0,0.0,3.3931691308731796e-06, 0.0, 0.0, 0.0, 0.0, 0.0, 0.0, 3.3931691308731796e-06, 0.0, 0.0, 0.0, 0.0, 0.0, 0.0, 9.975400821308987e-07, -3.6024220383593026e-26, -2.4535847927041313e-26, 0.0, 0.0, 0.0, -3.6024220383593026e-26, 9.903025753436692e-07, -7.849827211205669e-34, 0.0, 0.0, 0.0, -2.4535847927041316e-26, -9.122430423706847e-34, 9.903025753436692e-07, 0.0, 0.0, 0.0, 0.0, 0.0, 0.0, 3.381859794385507e-06
1492028606419059836,107862,1492028606,396519899,-0.108487615161,0.781387819011,0.0,0.0,0.0,0.467283401894,0.88410758526,329.6591724045923, 1.9483784554108239, 0.0, 0.0, 0.0, -148.38321768433428, 1.9483784554141967, 206.79383439092936, 0.0, 0.0, 0.0, -6.259195956514748, 0.0, 0.0, 9.983308525321693e-07, -3.4556543038575323e-20, -2.920583949934701e-17, 0.0, 0.0, 0.0, -3.4556543038575323e-20, 9.966727853797323e-07, -6.046518629976636e-28, 0.0, 0.0, 0.0, -2.9205839499347024e-17, -6.046520254980026e-28, 9.966727853797323e-07, 0.0, -148.38321768432792, -6.25919595651456, 0.0, 0.0, 0.0, 215.72443416339445,0.000569828010787,-2.11719554067e-09,0.0,0.0,0.0,0.0,3.3391019912562207e-06, 0.0, 0.0, 0.0, 0.0, 0.0, 0.0, 3.3391019912562207e-06, 0.0, 0.0, 0.0, 0.0, 0.0, 0.0, 9.975004425263883e-07, -5.761604785375708e-26, -3.9179350440010967e-26, 0.0, 0.0, 0.0, -5.76160478537571e-26, 9.901486115513588e-07, -1.8432224925738898e-33, 0.0, 0.0, 0.0, -3.9179350440010967e-26, -1.8268894339550555e-33, 9.901486115513588e-07, 0.0, 0.0, 0.0, 0.0, 0.0, 0.0, 3.327985118732008e-06
1492028606452286780,107863,1492028606,436665058,-0.108471686398,0.781411154744,0.0,0.0,0.0,0.467283401894,0.88410758526,329.6676709510585, 1.9462996888034394, 0.0, 0.0, 0.0, -148.38793623649534, 1.9462996888068116, 206.7956548036265, 0.0, 0.0, 0.0, -6.255974824486305, 0.0, 0.0, 9.983234869391504e-07, 2.1712027448579923e-20, -4.321984540196124e-17, 0.0, 0.0, 0.0, 2.1712027448579923e-20, 9.966581523575571e-07, 5.59655212167509e-28, 0.0, 0.0, 0.0, -4.321984540196124e-17, 5.597995064500612e-28, 9.966581523575573e-07, 0.0, -148.38793623648897, -6.255974824486117, 0.0, 0.0, 0.0, 215.7268428742966,0.000930546971584,3.34760132461e-07,0.0,0.0,0.0,0.0,3.3243912747443266e-06, 0.0, 0.0, 0.0, 0.0, 0.0, 0.0, 3.3243912747443266e-06, 0.0, 0.0, 0.0, 0.0, 0.0, 0.0, 9.974894310352578e-07, -8.517704862640902e-26, -5.813124250265774e-26, 0.0, 0.0, 0.0, -8.517704862640901e-26, 9.901058631118037e-07, -7.816395533568544e-33, 0.0, 0.0, 0.0, -5.813124250265773e-26, -3.7801169282943665e-33, 9.901058631118037e-07, 0.0, 0.0, 0.0, 0.0, 0.0, 0.0, 3.313329855337612e-06
1492028606485568695,107864,1492028606,476716042,-0.108444988985,0.781450285853,0.0,0.0,0.0,0.467283401894,0.88410758526,329.6808239895016, 1.9427321320111848, 0.0, 0.0, 0.0, -148.39604134087105, 1.942732132014558, 206.79733690630786, 0.0, 0.0, 0.0, -6.250446869710931, 0.0, 0.0, 9.983362156734183e-07, -1.7210198047776382e-20, -7.137556352413671e-17, 0.0, 0.0, 0.0, -1.721019804777638e-20, 9.966834408560706e-07, -7.3823783061426215e-28, 0.0, 0.0, 0.0, -7.137556352413672e-17, -7.383813063765879e-28, 9.966834408560706e-07, 0.0, -148.39604134086468, -6.250446869710743, 0.0, 0.0, 0.0, 215.72924593466487,0.00132675589336,-7.94098920448e-07,0.0,0.0,0.0,0.0,3.3499040009793607e-06, 0.0, 0.0, 0.0, 0.0, 0.0, 0.0, 3.3499040009793607e-06, 0.0, 0.0, 0.0, 0.0, 0.0, 0.0, 9.975084605989232e-07, -1.4074648222692814e-25, -9.590273366952509e-26, 0.0, 0.0, 0.0, -1.4074648222692814e-25, 9.901797553561176e-07, -1.3553303477186565e-32, 0.0, 0.0, 0.0, -9.590273366952504e-26, -1.399834502236117e-32, 9.901797553561176e-07, 0.0, 0.0, 0.0, 0.0, 0.0, 0.0, 3.338751169204252e-06
1492028606518611265,107865,1492028606,476716042,-0.108444988985,0.781450285853,0.0,0.0,0.0,0.467283401894,0.88410758526,329.6808239895016, 1.9427321320111848, 0.0, 0.0, 0.0, -148.39604134087105, 1.942732132014558, 206.79733690630786, 0.0, 0.0, 0.0, -6.250446869710931, 0.0, 0.0, 9.983362156734183e-07, -1.7210198047776382e-20, -7.137556352413671e-17, 0.0, 0.0, 0.0, -1.721019804777638e-20, 9.966834408560706e-07, -7.3823783061426215e-28, 0.0, 0.0, 0.0, -7.137556352413672e-17, -7.383813063765879e-28, 9.966834408560706e-07, 0.0, -148.39604134086468, -6.250446869710743, 0.0, 0.0, 0.0, 215.72924593466487,0.00132675589336,-7.94098920448e-07,0.0,0.0,0.0,0.0,3.3499040009793607e-06, 0.0, 0.0, 0.0, 0.0, 0.0, 0.0, 3.3499040009793607e-06, 0.0, 0.0, 0.0, 0.0, 0.0, 0.0, 9.975084605989232e-07, -1.4074648222692814e-25, -9.590273366952509e-26, 0.0, 0.0, 0.0, -1.4074648222692814e-25, 9.901797553561176e-07, -1.3553303477186565e-32, 0.0, 0.0, 0.0, -9.590273366952504e-26, -1.399834502236117e-32, 9.901797553561176e-07, 0.0, 0.0, 0.0, 0.0, 0.0, 0.0, 3.338751169204252e-06
1492028606552387164,107866,1492028606,516834021,-0.108417924529,0.781489954989,0.0,0.0,0.0,0.467283401894,0.88410758526,329.69501878976155, 1.9388292862043695, 0.0, 0.0, 0.0, -148.4049008382831, 1.9388292862077423, 206.79899262261222, 0.0, 0.0, 0.0, -6.244400323181428, 0.0, 0.0, 9.983411902012393e-07, 9.802334093675811e-23, -6.037556451087988e-17, 0.0, 0.0, 0.0, 9.802334093675811e-23, 9.966933240313075e-07, 3.497524890193678e-30, 0.0, 0.0, 0.0, -6.037556451087989e-17, 3.637997405512422e-30, 9.966933240313075e-07, 0.0, -148.40490083827675, -6.24440032318124, 0.0, 0.0, 0.0, 215.731653014779,0.00102525057069,5.89360680399e-07,0.0,0.0,0.0,0.0,3.3599768820745273e-06, 0.0, 0.0, 0.0, 0.0, 0.0, 0.0, 3.3599768820745273e-06, 0.0, 0.0, 0.0, 0.0, 0.0, 0.0, 9.975158976299038e-07, -1.1902057821024955e-25, -8.114131093667698e-26, 0.0, 0.0, 0.0, -1.1902057821024962e-25, 9.902086318334033e-07, -9.39307722517278e-33, 0.0, 0.0, 0.0, -8.114131093667698e-26, -9.736238715221929e-33, 9.902086318334033e-07, 0.0, 0.0, 0.0, 0.0, 0.0, 0.0, 3.348785650468779e-06
1492028606585722924,107867,1492028606,556865931,-0.10839642153,0.781521447373,0.0,0.0,0.0,0.467283401894,0.88410758526,329.70653395219256, 1.9357828914027704, 0.0, 0.0, 0.0, -148.41181547624916, 1.9357828914061435, 206.80072115263127, 0.0, 0.0, 0.0, -6.239681128709399, 0.0, 0.0, 9.983283779059074e-07, -4.8268455333659664e-20, -5.058259285380349e-17, 0.0, 0.0, 0.0, -4.826845533365968e-20, 9.966678691648126e-07, -1.4606552059968526e-27, 0.0, 0.0, 0.0, -5.0582592853803496e-17, -1.4605117964383686e-27, 9.966678691648126e-07, 0.0, -148.4118154762428, -6.23968112870921, 0.0, 0.0, 0.0, 215.73405493074125,0.000916124289827,-1.01953873554e-06,0.0,0.0,0.0,0.0,3.334147414408671e-06, 0.0, 0.0, 0.0, 0.0, 0.0, 0.0, 3.334147414408671e-06, 0.0, 0.0, 0.0, 0.0, 0.0, 0.0, 9.974967429988412e-07, -9.978598482676937e-26, -6.788866570427141e-26, 0.0, 0.0, 0.0, -9.978598482676934e-26, 9.901342521218523e-07, -7.238075444073758e-33, 0.0, 0.0, 0.0, -6.78886657042714e-26, -8.581895150273933e-33, 9.901342521218523e-07, 0.0, 0.0, 0.0, 0.0, 0.0, 0.0, 3.323050460872435e-06
1492028606619031377,107868,1492028606,596903086,-0.108376556684,0.781550571053,0.0,0.0,0.0,0.467283401894,0.88410758526,329.71731890010153, 1.9329715476915852, 0.0, 0.0, 0.0, -148.41819897370155, 1.9329715476949572, 206.80247121606848, 0.0, 0.0, 0.0, -6.235326298687714, 0.0, 0.0, 9.983335582684809e-07, 1.6069022158002775e-20, -4.481633975551334e-17, 0.0, 0.0, 0.0, 1.6069022158002778e-20, 9.966781610279517e-07, 4.321513313152855e-28, 0.0, 0.0, 0.0, -4.481633975551331e-17, 4.321507776104265e-28, 9.966781610279515e-07, 0.0, -148.41819897369518, -6.235326298687526, 0.0, 0.0, 0.0, 215.73645716141291,0.000825192389828,-5.3719124545e-07,0.0,0.0,0.0,0.0,3.3445413753157076e-06, 0.0, 0.0, 0.0, 0.0, 0.0, 0.0, 3.3445413753157076e-06, 0.0, 0.0, 0.0, 0.0, 0.0, 0.0, 9.975044876572155e-07, -8.832435681892239e-26, -6.026059336992901e-26, 0.0, 0.0, 0.0, -8.832435681892235e-26, 9.901643209178231e-07, -4.503271395376798e-33, 0.0, 0.0, 0.0, -6.026059336992898e-26, -5.071280598802551e-33, 9.901643209178231e-07, 0.0, 0.0, 0.0, 0.0, 0.0, 0.0, 3.3334055150904156e-06
1492028606652249960,107869,1492028606,636946917,-0.108357800694,0.781578130771,0.0,0.0,0.0,0.467283401894,0.88410758526,329.7275873342765, 1.9303300952427318, 0.0, 0.0, 0.0, -148.42420664505465, 1.930330095246103, 206.80423698696544, 0.0, 0.0, 0.0, -6.23123451495528, 0.0, 0.0, 9.98333200614182e-07, 8.300282752717318e-20, -4.51607673311397e-17, 0.0, 0.0, 0.0, 8.300282752717316e-20, 9.966774501800786e-07, 2.2488324060876067e-27, 0.0, 0.0, 0.0, -4.51607673311397e-17, 2.248975936016712e-27, 9.966774501800786e-07, 0.0, -148.4242066450483, -6.231234514955092, 0.0, 0.0, 0.0, 215.7388597926299,0.000773407984361,1.76373056278e-06,0.0,0.0,0.0,0.0,3.3438155941772087e-06, 0.0, 0.0, 0.0, 0.0, 0.0, 0.0, 3.3438155941772087e-06, 0.0, 0.0, 0.0, 0.0, 0.0, 0.0, 9.97503952870184e-07, -8.889273718260165e-26, -6.08412847710177e-26, 0.0, 0.0, 0.0, -8.88927371826017e-26, 9.901622353286958e-07, -5.058780464660504e-33, 0.0, 0.0, 0.0, -6.084128477101772e-26, -4.487914223315066e-33, 9.901622353286958e-07, 0.0, 0.0, 0.0, 0.0, 0.0, 0.0, 3.3326791009368556e-06
1492028606685704617,107870,1492028606,677018881,-0.108343369521,0.781599339313,0.0,0.0,0.0,0.467283401894,0.88410758526,329.73610890150024, 1.9282490062856394, 0.0, 0.0, 0.0, -148.4289435961631, 1.9282490062890114, 206.80605443881416, 0.0, 0.0, 0.0, -6.228010813964057, 0.0, 0.0, 9.983185672279155e-07, -1.2507042782882447e-20, -3.165495540208922e-17, 0.0, 0.0, 0.0, -1.2507042782882447e-20, 9.966483784006488e-07, -2.3545940425004684e-28, 0.0, 0.0, 0.0, -3.165495540208922e-17, -2.3546046953004733e-28, 9.966483784006486e-07, 0.0, -148.42894359615673, -6.228010813963869, 0.0, 0.0, 0.0, 215.7412641118556,0.000609569170982,1.84034990898e-06,0.0,0.0,0.0,0.0,3.314630006760628e-06, 0.0, 0.0, 0.0, 0.0, 0.0, 0.0, 3.314630006760628e-06, 0.0, 0.0, 0.0, 0.0, 0.0, 0.0, 9.97482076097142e-07, -6.241349942054372e-26, -4.2513641683391984e-26, 0.0, 0.0, 0.0, -6.241349942054373e-26, 9.900773022111618e-07, -3.3539163096428795e-33, 0.0, 0.0, 0.0, -4.2513641683391995e-26, -2.399304657057995e-34, 9.900773022111618e-07, 0.0, 0.0, 0.0, 0.0, 0.0, 0.0, 3.303601358158111e-06
1492028606718504144,107871,1492028606,677018881,-0.108343369521,0.781599339313,0.0,0.0,0.0,0.467283401894,0.88410758526,329.73610890150024, 1.9282490062856394, 0.0, 0.0, 0.0, -148.4289435961631, 1.9282490062890114, 206.80605443881416, 0.0, 0.0, 0.0, -6.228010813964057, 0.0, 0.0, 9.983185672279155e-07, -1.2507042782882447e-20, -3.165495540208922e-17, 0.0, 0.0, 0.0, -1.2507042782882447e-20, 9.966483784006488e-07, -2.3545940425004684e-28, 0.0, 0.0, 0.0, -3.165495540208922e-17, -2.3546046953004733e-28, 9.966483784006486e-07, 0.0, -148.42894359615673, -6.228010813963869, 0.0, 0.0, 0.0, 215.7412641118556,0.000609569170982,1.84034990898e-06,0.0,0.0,0.0,0.0,3.314630006760628e-06, 0.0, 0.0, 0.0, 0.0, 0.0, 0.0, 3.314630006760628e-06, 0.0, 0.0, 0.0, 0.0, 0.0, 0.0, 9.97482076097142e-07, -6.241349942054372e-26, -4.2513641683391984e-26, 0.0, 0.0, 0.0, -6.241349942054373e-26, 9.900773022111618e-07, -3.3539163096428795e-33, 0.0, 0.0, 0.0, -4.2513641683391995e-26, -2.399304657057995e-34, 9.900773022111618e-07, 0.0, 0.0, 0.0, 0.0, 0.0, 0.0, 3.303601358158111e-06
1492028606752333093,107872,1492028606,717128992,-0.108331240702,0.781617132434,0.0,0.0,0.0,0.467283401894,0.88410758526,329.7435900005709, 1.926499465511488, 0.0, 0.0, 0.0, -148.43292292271605, 1.9264994655148606, 206.807903549146, 0.0, 0.0, 0.0, -6.2253009508989905, 0.0, 0.0, 9.98335066488508e-07, -6.102652577426624e-20, -2.596465675337023e-17, 0.0, 0.0, 0.0, -6.102652577426622e-20, 9.966811575724633e-07, -9.51710692230032e-28, 0.0, 0.0, 0.0, -2.596465675337022e-17, -9.51709512597941e-28, 9.96681157572463e-07, 0.0, -148.43292292270968, -6.225300950898802, 0.0, 0.0, 0.0, 215.74367071989758,0.000467054185055,-2.72735705012e-07,0.0,0.0,0.0,0.0,3.3475820970999517e-06, 0.0, 0.0, 0.0, 0.0, 0.0, 0.0, 3.3475820970999517e-06, 0.0, 0.0, 0.0, 0.0, 0.0, 0.0, 9.975067425015319e-07, -5.1269048011266444e-26, -3.477591176657018e-26, 0.0, 0.0, 0.0, -5.1269048011266455e-26, 9.901730795401448e-07, -1.4113532202979935e-33, 0.0, 0.0, 0.0, -3.4775911766570184e-26, -5.247633447442812e-34, 9.901730795401448e-07, 0.0, 0.0, 0.0, 0.0, 0.0, 0.0, 3.336436200574383e-06
1492028606785609559,107873,1492028606,757172108,-0.108319706614,0.78163409097,0.0,0.0,0.0,0.467283401894,0.88410758526,329.75058424418626, 1.9249054156454986, 0.0, 0.0, 0.0, -148.4365508146767, 1.9249054156488714, 206.8097632728823, 0.0, 0.0, 0.0, -6.222831933683603, 0.0, 0.0, 9.983186076828984e-07, 1.3509822086567798e-20, -3.069359120889605e-17, 0.0, 0.0, 0.0, 1.3509822086567793e-20, 9.966484588431274e-07, 2.4654725979231366e-28, 0.0, 0.0, 0.0, -3.0693591208896045e-17, 2.466927156513635e-28, 9.966484588431274e-07, 0.0, -148.43655081467034, -6.222831933683414, 0.0, 0.0, 0.0, 215.74607330820214,0.000508173640221,9.70027825698e-07,0.0,0.0,0.0,0.0,3.3147115803600405e-06, 0.0, 0.0, 0.0, 0.0, 0.0, 0.0, 3.3147115803600405e-06, 0.0, 0.0, 0.0, 0.0, 0.0, 0.0, 9.974821365993177e-07, -6.048655357528957e-26, -4.127507978901245e-26, 0.0, 0.0, 0.0, -6.048655357528958e-26, 9.9007753943991e-07, 3.238314807824271e-34, 0.0, 0.0, 0.0, -4.127507978901247e-26, -3.847496888121107e-33, 9.9007753943991e-07, 0.0, 0.0, 0.0, 0.0, 0.0, 0.0, 3.303683503933854e-06
1492028606819203390,107874,1492028606,797127962,-0.108315748456,0.781639913803,0.0,0.0,0.0,0.467283401894,0.88410758526,329.7550804474181, 1.9241085807838603, 0.0, 0.0, 0.0, -148.43836645333855, 1.924108580787234, 206.8116898983109, 0.0, 0.0, 0.0, -6.221597665704436, 0.0, 0.0, 9.983328825827734e-07, 3.2893686827385906e-20, -6.299734710009604e-20, 0.0, 0.0, 0.0, 3.2893686827385924e-20, 9.96676818157992e-07, 1.3148203359710133e-30, 0.0, 0.0, 0.0, -6.299734710009605e-20, 1.1715792963572127e-30, 9.96676818157992e-07, 0.0, -148.43836645333218, -6.221597665704247, 0.0, 0.0, 0.0, 215.74847066081998,-0.000100705522159,-2.56670556504e-07,0.0,0.0,0.0,0.0,3.343172096021146e-06, 0.0, 0.0, 0.0, 0.0, 0.0, 0.0, 3.343172096021146e-06, 0.0, 0.0, 0.0, 0.0, 0.0, 0.0, 9.97503477353153e-07, -8.083484524116562e-29, -1.5003982109665903e-28, 0.0, 0.0, 0.0, -8.083484524116563e-29, 9.901603832409837e-07, 3.253569301573597e-36, 0.0, 0.0, 0.0, -1.500398210966591e-28, -3.253585755587226e-36, 9.901603832409837e-07, 0.0, 0.0, 0.0, 0.0, 0.0, 0.0, 3.3320359177280047e-06
1492028606852253495,107875,1492028606,837380886,-0.108318264914,0.781636191443,0.0,0.0,0.0,0.467283401894,0.88410758526,329.75596109488697, 1.9244685762109988, 0.0, 0.0, 0.0, -148.4375437735377, 1.9244685762143727, 206.81373473915426, 0.0, 0.0, 0.0, -6.222155389655944, 0.0, 0.0, 9.983480502085711e-07, 5.061100365282682e-20, 5.621923378991194e-18, 0.0, 0.0, 0.0, 5.0611003652826824e-20, 9.967069540200753e-07, -1.7216965691793248e-28, 0.0, 0.0, 0.0, 5.621923378991193e-18, -1.7230954563573683e-28, 9.967069540200753e-07, 0.0, -148.43754377353133, -6.2221553896557555, 0.0, 0.0, 0.0, 215.7508858376404,-8.61271298722e-05,-1.32470293756e-06,0.0,0.0,0.0,0.0,3.373978158097614e-06, 0.0, 0.0, 0.0, 0.0, 0.0, 0.0, 3.373978158097614e-06, 0.0, 0.0, 0.0, 0.0, 0.0, 0.0, 9.975261537746263e-07, 1.1153290370305663e-26, 7.457477394969408e-27, 0.0, 0.0, 0.0, 1.1153290370305663e-26, 9.902484746456847e-07, 1.0778830281464196e-33, 0.0, 0.0, 0.0, 7.457477394969411e-27, -1.0778830281464306e-33, 9.902484746456847e-07, 0.0, 0.0, 0.0, 0.0, 0.0, 0.0, 3.362739574027062e-06
1492028606885151601,107876,1492028606,876914024,-0.108319901996,0.781633814078,0.0,0.0,0.0,0.467283401894,0.88410758526,329.7572507033562, 1.9246884790084742, 0.0, 0.0, 0.0, -148.43704444693495, 1.924688479011848, 206.8157310650204, 0.0, 0.0, 0.0, -6.222495946817426, 0.0, 0.0, 9.983485964414494e-07, 6.614930997401687e-20, 4.117827545340228e-18, 0.0, 0.0, 0.0, 6.614930997401689e-20, 9.967080386397213e-07, -1.6501554939826305e-28, 0.0, 0.0, 0.0, 4.1178275453402276e-18, -1.6487564262486547e-28, 9.967080386397213e-07, 0.0, -148.43704444692858, -6.222495946817237, 0.0, 0.0, 0.0, 215.75325782725054,-0.000108909161977,1.18924793087e-06,0.0,0.0,0.0,0.0,3.37508314872743e-06, 0.0, 0.0, 0.0, 0.0, 0.0, 0.0, 3.37508314872743e-06, 0.0, 0.0, 0.0, 0.0, 0.0, 0.0, 9.975269702152147e-07, 8.203746508998332e-27, 5.4018808917654726e-27, 0.0, 0.0, 0.0, 8.203746508998328e-27, 9.90251624319519e-07, 2.4005503389411824e-33, 0.0, 0.0, 0.0, 5.401880891765471e-27, -2.4005503389411824e-33, 9.90251624319519e-07, 0.0, 0.0, 0.0, 0.0, 0.0, 0.0, 3.363832654428259e-06
1492028606918318162,107877,1492028606,876914024,-0.108319901996,0.781633814078,0.0,0.0,0.0,0.467283401894,0.88410758526,329.7572507033562, 1.9246884790084742, 0.0, 0.0, 0.0, -148.43704444693495, 1.924688479011848, 206.8157310650204, 0.0, 0.0, 0.0, -6.222495946817426, 0.0, 0.0, 9.983485964414494e-07, 6.614930997401687e-20, 4.117827545340228e-18, 0.0, 0.0, 0.0, 6.614930997401689e-20, 9.967080386397213e-07, -1.6501554939826305e-28, 0.0, 0.0, 0.0, 4.1178275453402276e-18, -1.6487564262486547e-28, 9.967080386397213e-07, 0.0, -148.43704444692858, -6.222495946817237, 0.0, 0.0, 0.0, 215.75325782725054,-0.000108909161977,1.18924793087e-06,0.0,0.0,0.0,0.0,3.37508314872743e-06, 0.0, 0.0, 0.0, 0.0, 0.0, 0.0, 3.37508314872743e-06, 0.0, 0.0, 0.0, 0.0, 0.0, 0.0, 9.975269702152147e-07, 8.203746508998332e-27, 5.4018808917654726e-27, 0.0, 0.0, 0.0, 8.203746508998328e-27, 9.90251624319519e-07, 2.4005503389411824e-33, 0.0, 0.0, 0.0, 5.401880891765471e-27, -2.4005503389411824e-33, 9.90251624319519e-07, 0.0, 0.0, 0.0, 0.0, 0.0, 0.0, 3.363832654428259e-06
1492028606951743920,107878,1492028606,916879892,-0.108323779184,0.781628156527,0.0,0.0,0.0,0.467283401894,0.88410758526,329.7576655912614, 1.9251977912648484, 0.0, 0.0, 0.0, -148.43589367771978, 1.9251977912682219, 206.81777487137046, 0.0, 0.0, 0.0, -6.223284482281769, 0.0, 0.0, 9.983095405469763e-07, -8.230547912546288e-20, 1.1591923380103896e-17, 0.0, 0.0, 0.0, -8.230547912546285e-20, 9.966304459566798e-07, 5.643906887147684e-28, 0.0, 0.0, 0.0, 1.1591923380103898e-17, 5.643895451938639e-28, 9.966304459566798e-07, 0.0, -148.4358936777134, -6.2232844822815805, 0.0, 0.0, 0.0, 215.7556557806945,-0.000193764694833,1.40860428618e-06,0.0,0.0,0.0,0.0,3.296874335361095e-06, 0.0, 0.0, 0.0, 0.0, 0.0, 0.0, 3.296874335361095e-06, 0.0, 0.0, 0.0, 0.0, 0.0, 0.0, 9.974685815477474e-07, 2.2736864409806265e-26, 1.5738226936159028e-26, 0.0, 0.0, 0.0, 2.2736864409806262e-26, 9.900249159755676e-07, 2.2206365302621552e-33, 0.0, 0.0, 0.0, 1.573822693615903e-26, -2.2206365302621703e-33, 9.900249159755676e-07, 0.0, 0.0, 0.0, 0.0, 0.0, 0.0, 3.2859088692951017e-06
1492028606985172197,107879,1492028606,956958055,-0.108326763814,0.781623780915,0.0,0.0,0.0,0.467283401894,0.88410758526,329.7582189211405, 1.9256649351895763, 0.0, 0.0, 0.0, -148.43483942333322, 1.9256649351929496, 206.81982052930147, 0.0, 0.0, 0.0, -6.2240076966943, 0.0, 0.0, 9.98343155998927e-07, -1.4802308582967858e-20, 5.628985961290077e-18, 0.0, 0.0, 0.0, -1.4802308582967864e-20, 9.966972297244897e-07, 5.0289750300155826e-29, 0.0, 0.0, 0.0, 5.628985961290079e-18, 5.028981048546659e-29, 9.966972297244897e-07, 0.0, -148.43483942332685, -6.224007696694112, 0.0, 0.0, 0.0, 215.75806047184452,-7.90462622599e-05,-1.58316003805e-06,0.0,0.0,0.0,0.0,3.3639757803300406e-06, 0.0, 0.0, 0.0, 0.0, 0.0, 0.0, 3.3639757803300406e-06, 0.0, 0.0, 0.0, 0.0, 0.0, 0.0, 9.975188365865238e-07, 1.1076956461906177e-26, 7.594343249225774e-27, 0.0, 0.0, 0.0, 1.1076956461906187e-26, 9.90220046398794e-07, 2.95535978314084e-33, 0.0, 0.0, 0.0, 7.594343249225776e-27, -2.95535978314084e-33, 9.90220046398794e-07, 0.0, 0.0, 0.0, 0.0, 0.0, 0.0, 3.3527702342854502e-06
1492028607018422282,107880,1492028606,996937990,-0.108327799328,0.781622277681,0.0,0.0,0.0,0.467283401894,0.88410758526,329.7596917038787, 1.9258327716619512, 0.0, 0.0, 0.0, -148.43445696228994, 1.9258327716653243, 206.82183455301788, 0.0, 0.0, 0.0, -6.224267694471027, 0.0, 0.0, 9.9834922044639e-07, 8.569529291769511e-20, 1.7018857479514917e-18, 0.0, 0.0, 0.0, 8.569529291769514e-20, 9.967092787593035e-07, -8.841863726365377e-29, 0.0, 0.0, 0.0, 1.7018857479514923e-18, -8.827794206268521e-29, 9.967092787593035e-07, 0.0, -148.43445696228358, -6.224267694470838, 0.0, 0.0, 0.0, 215.7604592692828,-2.23267826994e-05,7.34110655771e-07,0.0,0.0,0.0,0.0,3.376369211940104e-06, 0.0, 0.0, 0.0, 0.0, 0.0, 0.0, 3.376369211940104e-06, 0.0, 0.0, 0.0, 0.0, 0.0, 0.0, 9.975279032373031e-07, 3.4699367113875325e-27, 2.1181785350180324e-27, 0.0, 0.0, 0.0, 3.4699367113875325e-27, 9.902552580642432e-07, 4.874537960997047e-34, 0.0, 0.0, 0.0, 2.118178535018032e-27, -4.874537960996947e-34, 9.902552580642432e-07, 0.0, 0.0, 0.0, 0.0, 0.0, 0.0, 3.3651175870502957e-06
1492028607051968808,107881,1492028607,37070036,-0.108328210588,0.7816217047,0.0,0.0,0.0,0.467283401894,0.88410758526,329.7615496446699, 1.9258838595932413, 0.0, 0.0, 0.0, -148.43434889732012, 1.925883859596615, 206.82384572792316, 0.0, 0.0, 0.0, -6.224346486313147, 0.0, 0.0, 9.983468000409085e-07, 4.541327078645186e-20, 4.603716088623805e-19, 0.0, 0.0, 0.0, 4.541327078645185e-20, 9.96704470013104e-07, -1.2645884719027487e-29, 0.0, 0.0, 0.0, 4.603716088623806e-19, -1.2646871758123985e-29, 9.96704470013104e-07, 0.0, -148.43434889731375, -6.2243464863129585, 0.0, 0.0, 0.0, 215.76286719340146,-4.31586216617e-05,2.41046368395e-07,0.0,0.0,0.0,0.0,3.3714168043968345e-06, 0.0, 0.0, 0.0, 0.0, 0.0, 0.0, 3.3714168043968345e-06, 0.0, 0.0, 0.0, 0.0, 0.0, 0.0, 9.97524284668674e-07, 9.687400712485721e-28, 5.292889027185138e-28, 0.0, 0.0, 0.0, 9.687400712485723e-28, 9.90241211622762e-07, 1.2574765320612002e-34, 0.0, 0.0, 0.0, 5.2928890271851395e-28, -1.2574765320612464e-34, 9.90241211622762e-07, 0.0, 0.0, 0.0, 0.0, 0.0, 0.0, 3.3601862800117045e-06
1492028607085669750,107882,1492028607,77707052,-0.108332222145,0.78161580508,0.0,0.0,0.0,0.467283401894,0.88410758526,329.7622097174642, 1.926321825440929, 0.0, 0.0, 0.0, -148.4333518656099, 1.9263218254443035, 206.82591675169968, 0.0, 0.0, 0.0, -6.225024926876699, 0.0, 0.0, 9.983884933990081e-07, -6.614900538212009e-20, 1.329504940011962e-17, 0.0, 0.0, 0.0, -6.614900538212008e-20, 9.967873165757834e-07, 5.4566813992786565e-28, 0.0, 0.0, 0.0, 1.3295049400119619e-17, 5.458002286293952e-28, 9.967873165757834e-07, 0.0, -148.43335186560353, -6.225024926876511, 0.0, 0.0, 0.0, 215.76530541579595,-0.000351133068405,-6.79313985622e-07,0.0,0.0,0.0,0.0,3.4589319620759913e-06, 0.0, 0.0, 0.0, 0.0, 0.0, 0.0, 3.4589319620759913e-06, 0.0, 0.0, 0.0, 0.0, 0.0, 0.0, 9.975866215512012e-07, 2.614680495761586e-26, 1.8016506946747913e-26, 0.0, 0.0, 0.0, 2.6146804957615875e-26, 9.904834556237516e-07, -5.42040224990624e-34, 0.0, 0.0, 0.0, 1.801650694674792e-26, 5.420402249907116e-34, 9.904834556237516e-07, 0.0, 0.0, 0.0, 0.0, 0.0, 0.0, 3.4473982107701125e-06
1492028607118532153,107883,1492028607,77707052,-0.108332222145,0.78161580508,0.0,0.0,0.0,0.467283401894,0.88410758526,329.7622097174642, 1.926321825440929, 0.0, 0.0, 0.0, -148.4333518656099, 1.9263218254443035, 206.82591675169968, 0.0, 0.0, 0.0, -6.225024926876699, 0.0, 0.0, 9.983884933990081e-07, -6.614900538212009e-20, 1.329504940011962e-17, 0.0, 0.0, 0.0, -6.614900538212008e-20, 9.967873165757834e-07, 5.4566813992786565e-28, 0.0, 0.0, 0.0, 1.3295049400119619e-17, 5.458002286293952e-28, 9.967873165757834e-07, 0.0, -148.43335186560353, -6.225024926876511, 0.0, 0.0, 0.0, 215.76530541579595,-0.000351133068405,-6.79313985622e-07,0.0,0.0,0.0,0.0,3.4589319620759913e-06, 0.0, 0.0, 0.0, 0.0, 0.0, 0.0, 3.4589319620759913e-06, 0.0, 0.0, 0.0, 0.0, 0.0, 0.0, 9.975866215512012e-07, 2.614680495761586e-26, 1.8016506946747913e-26, 0.0, 0.0, 0.0, 2.6146804957615875e-26, 9.904834556237516e-07, -5.42040224990624e-34, 0.0, 0.0, 0.0, 1.801650694674792e-26, 5.420402249907116e-34, 9.904834556237516e-07, 0.0, 0.0, 0.0, 0.0, 0.0, 0.0, 3.4473982107701125e-06
1492028607152287094,107884,1492028607,117741108,-0.108342319646,0.781600979555,0.0,0.0,0.0,0.467283401894,0.88410758526,329.7599119687783, 1.9276958469453542, 0.0, 0.0, 0.0, -148.4302269206733, 1.927695846948728, 206.82804131447756, 0.0, 0.0, 0.0, -6.227153336796419, 0.0, 0.0, 9.98356748595246e-07, 5.996725769458804e-20, 2.5835833739886328e-17, 0.0, 0.0, 0.0, 5.996725769458805e-20, 9.967242367909547e-07, -9.428287366607555e-28, 0.0, 0.0, 0.0, 2.5835833739886325e-17, -9.428281649003032e-28, 9.967242367909547e-07, 0.0, -148.43022692066694, -6.22715333679623, 0.0, 0.0, 0.0, 215.767707460509,-0.00044614090428,-7.99813578908e-07,0.0,0.0,0.0,0.0,3.3918912081009726e-06, 0.0, 0.0, 0.0, 0.0, 0.0, 0.0, 3.3918912081009726e-06, 0.0, 0.0, 0.0, 0.0, 0.0, 0.0, 9.97539158493024e-07, 5.102137368786437e-26, 3.46101021237667e-26, 0.0, 0.0, 0.0, 5.102137368786436e-26, 9.902989895997937e-07, -2.7766383239471844e-33, 0.0, 0.0, 0.0, 3.4610102123766696e-26, -8.409460017112088e-34, 9.902989895997937e-07, 0.0, 0.0, 0.0, 0.0, 0.0, 0.0, 3.380587381325763e-06
1492028607185804637,107885,1492028607,168010950,-0.108358363516,0.781577363408,0.0,0.0,0.0,0.467283401894,0.88410758526,329.75603919711165, 1.9297297931759203, 0.0, 0.0, 0.0, -148.42558505226523, 1.9297297931792918, 206.83073679435333, 0.0, 0.0, 0.0, -6.230304871464773, 0.0, 0.0, 9.983558984219869e-07, -2.942689794200488e-20, 4.1177212578830064e-17, 0.0, 0.0, 0.0, -2.942689794200489e-20, 9.967225479972988e-07, 7.370091896247714e-28, 0.0, 0.0, 0.0, 4.1177212578830045e-17, 7.3700902110590125e-28, 9.96722547997299e-07, 0.0, -148.42558505225887, -6.230304871464584, 0.0, 0.0, 0.0, 215.77072365276564,-0.000962068282402,-4.60784733553e-07,0.0,0.0,0.0,0.0,3.3901417566646754e-06, 0.0, 0.0, 0.0, 0.0, 0.0, 0.0, 3.3901417566646754e-06, 0.0, 0.0, 0.0, 0.0, 0.0, 0.0, 9.975378875497679e-07, 8.117839267658991e-26, 5.542754071402767e-26, 0.0, 0.0, 0.0, 8.117839267658991e-26, 9.902940664566462e-07, -3.195081648403684e-33, 0.0, 0.0, 0.0, 5.542754071402765e-26, -6.549186075243387e-33, 9.902940664566462e-07, 0.0, 0.0, 0.0, 0.0, 0.0, 0.0, 3.378849638442384e-06
1492028607219103791,107886,1492028607,197892904,-0.108377795825,0.781548878536,0.0,0.0,0.0,0.467283401894,0.88410758526,329.7493031472001, 1.9323644006565426, 0.0, 0.0, 0.0, -148.41960269348237, 1.9323644006599139, 206.83246668028963, 0.0, 0.0, 0.0, -6.234386170466921, 0.0, 0.0, 9.983503502087438e-07, 2.5358855455712523e-20, 6.668866808947567e-17, 0.0, 0.0, 0.0, 2.535885545571252e-20, 9.967115237373097e-07, -1.0250869018112975e-27, 0.0, 0.0, 0.0, 6.668866808947567e-17, -1.0252257132120392e-27, 9.967115237373097e-07, 0.0, -148.419602693476, -6.234386170466733, 0.0, 0.0, 0.0, 215.77251657102653,-0.00116387230125,-6.1213891518e-07,0.0,0.0,0.0,0.0,3.3786945280580124e-06, 0.0, 0.0, 0.0, 0.0, 0.0, 0.0, 3.3786945280580124e-06, 0.0, 0.0, 0.0, 0.0, 0.0, 0.0, 9.975295923942286e-07, 1.315191048758334e-25, 8.958852840524988e-26, 0.0, 0.0, 0.0, 1.315191048758335e-25, 9.902618281276094e-07, -1.05885802411997e-32, 0.0, 0.0, 0.0, 8.958852840524994e-26, -1.2975271562035466e-32, 9.902618281276094e-07, 0.0, 0.0, 0.0, 0.0, 0.0, 0.0, 3.3674377938986015e-06
1492028607252397369,107887,1492028607,247958899,-0.108401082848,0.781514649726,0.0,0.0,0.0,0.467283401894,0.88410758526,329.7407463499568, 1.9358946155213652, 0.0, 0.0, 0.0, -148.41156282552174, 1.9358946155247365, 206.83528625861547, 0.0, 0.0, 0.0, -6.239856435507803, 0.0, 0.0, 9.983457828677229e-07, -1.0734774717172011e-19, 3.4011562235669917e-17, 0.0, 0.0, 0.0, -1.073477471717201e-19, 9.967024488557221e-07, 2.2071958229163963e-27, 0.0, 0.0, 0.0, 3.401156223566991e-17, 2.2070545619735066e-27, 9.967024488557221e-07, 0.0, -148.41156282551538, -6.239856435507615, 0.0, 0.0, 0.0, 215.77552053238998,-0.000480289845495,1.07288127565e-07,0.0,0.0,0.0,0.0,3.3693334046947607e-06, 0.0, 0.0, 0.0, 0.0, 0.0, 0.0, 3.3693334046947607e-06, 0.0, 0.0, 0.0, 0.0, 0.0, 0.0, 9.975227638793973e-07, 6.690368684130381e-26, 4.59208444428615e-26, 0.0, 0.0, 0.0, 6.690368684130381e-26, 9.902352988419192e-07, 1.8983003281076167e-33, 0.0, 0.0, 0.0, 4.5920844442861494e-26, -7.543880233618867e-33, 9.902352988419192e-07, 0.0, 0.0, 0.0, 0.0, 0.0, 0.0, 3.358108191286043e-06
1492028607285254134,107888,1492028607,247958899,-0.108401082848,0.781514649726,0.0,0.0,0.0,0.467283401894,0.88410758526,329.7407463499568, 1.9358946155213652, 0.0, 0.0, 0.0, -148.41156282552174, 1.9358946155247365, 206.83528625861547, 0.0, 0.0, 0.0, -6.239856435507803, 0.0, 0.0, 9.983457828677229e-07, -1.0734774717172011e-19, 3.4011562235669917e-17, 0.0, 0.0, 0.0, -1.073477471717201e-19, 9.967024488557221e-07, 2.2071958229163963e-27, 0.0, 0.0, 0.0, 3.401156223566991e-17, 2.2070545619735066e-27, 9.967024488557221e-07, 0.0, -148.41156282551538, -6.239856435507615, 0.0, 0.0, 0.0, 215.77552053238998,-0.000480289845495,1.07288127565e-07,0.0,0.0,0.0,0.0,3.3693334046947607e-06, 0.0, 0.0, 0.0, 0.0, 0.0, 0.0, 3.3693334046947607e-06, 0.0, 0.0, 0.0, 0.0, 0.0, 0.0, 9.975227638793973e-07, 6.690368684130381e-26, 4.59208444428615e-26, 0.0, 0.0, 0.0, 6.690368684130381e-26, 9.902352988419192e-07, 1.8983003281076167e-33, 0.0, 0.0, 0.0, 4.5920844442861494e-26, -7.543880233618867e-33, 9.902352988419192e-07, 0.0, 0.0, 0.0, 0.0, 0.0, 0.0, 3.358108191286043e-06
1492028607319365508,107889,1492028607,308027983,-0.108409808619,0.781501923419,0.0,0.0,0.0,0.467283401894,0.88410758526,329.7395262093797, 1.9372534569077295, 0.0, 0.0, 0.0, -148.40849240705947, 1.9372534569111028, 206.8384115048427, 0.0, 0.0, 0.0, -6.2419612021320905, 0.0, 0.0, 9.983454696633264e-07, 2.459759111547966e-20, 1.077876929620096e-17, 0.0, 0.0, 0.0, 2.4597591115479653e-20, 9.967018266504751e-07, -1.6024666398499967e-28, 0.0, 0.0, 0.0, 1.0778769296200956e-17, -1.6024465379562021e-28, 9.967018266504751e-07, 0.0, -148.4084924070531, -6.241961202131903, 0.0, 0.0, 0.0, 215.7791246794872,-0.000138313934683,-2.64696521228e-07,0.0,0.0,0.0,0.0,3.3686954458739147e-06, 0.0, 0.0, 0.0, 0.0, 0.0, 0.0, 3.3686954458739147e-06, 0.0, 0.0, 0.0, 0.0, 0.0, 0.0, 9.975222956481935e-07, 2.1282755223735995e-26, 1.4438261425184283e-26, 0.0, 0.0, 0.0, 2.128275522373599e-26, 9.90233482903172e-07, 2.9920367178002623e-33, 0.0, 0.0, 0.0, 1.4438261425184286e-26, -2.992036717800131e-33, 9.90233482903172e-07, 0.0, 0.0, 0.0, 0.0, 0.0, 0.0, 3.3574735240167794e-06
1492028607352206309,107890,1492028607,338025093,-0.108410030188,0.781501629905,0.0,0.0,0.0,0.467283401894,0.88410758526,329.74057151567206, 1.9374010149625387, 0.0, 0.0, 0.0, -148.40816194531791, 1.9374010149659115, 206.83992459691177, 0.0, 0.0, 0.0, -6.242189644383918, 0.0, 0.0, 9.983345508349392e-07, 7.747968134279762e-21, -7.300710929863444e-19, 0.0, 0.0, 0.0, 7.74796813427976e-21, 9.966801331194123e-07, 3.468389181253745e-30, 0.0, 0.0, 0.0, -7.300710929863442e-19, 3.324678696216e-30, 9.966801331194123e-07, 0.0, -148.40816194531155, -6.242189644383731, 0.0, 0.0, 0.0, 215.78092450713115,0.000150669031932,1.00214183221e-06,0.0,0.0,0.0,0.0,3.3465430338622666e-06, 0.0, 0.0, 0.0, 0.0, 0.0, 0.0, 3.3465430338622666e-06, 0.0, 0.0, 0.0, 0.0, 0.0, 0.0, 9.975059715967035e-07, -1.4284824899292482e-27, -9.96235922016565e-28, 0.0, 0.0, 0.0, -1.428482489929249e-27, 9.901700867709996e-07, -2.089971032999292e-33, 0.0, 0.0, 0.0, -9.96235922016565e-28, 2.089971032999314e-33, 9.901700867709996e-07, 0.0, 0.0, 0.0, 0.0, 0.0, 0.0, 3.3354012071841175e-06
1492028607385173058,107891,1492028607,338025093,-0.108410030188,0.781501629905,0.0,0.0,0.0,0.467283401894,0.88410758526,329.74057151567206, 1.9374010149625387, 0.0, 0.0, 0.0, -148.40816194531791, 1.9374010149659115, 206.83992459691177, 0.0, 0.0, 0.0, -6.242189644383918, 0.0, 0.0, 9.983345508349392e-07, 7.747968134279762e-21, -7.300710929863444e-19, 0.0, 0.0, 0.0, 7.74796813427976e-21, 9.966801331194123e-07, 3.468389181253745e-30, 0.0, 0.0, 0.0, -7.300710929863442e-19, 3.324678696216e-30, 9.966801331194123e-07, 0.0, -148.40816194531155, -6.242189644383731, 0.0, 0.0, 0.0, 215.78092450713115,0.000150669031932,1.00214183221e-06,0.0,0.0,0.0,0.0,3.3465430338622666e-06, 0.0, 0.0, 0.0, 0.0, 0.0, 0.0, 3.3465430338622666e-06, 0.0, 0.0, 0.0, 0.0, 0.0, 0.0, 9.975059715967035e-07, -1.4284824899292482e-27, -9.96235922016565e-28, 0.0, 0.0, 0.0, -1.428482489929249e-27, 9.901700867709996e-07, -2.089971032999292e-33, 0.0, 0.0, 0.0, -9.96235922016565e-28, 2.089971032999314e-33, 9.901700867709996e-07, 0.0, 0.0, 0.0, 0.0, 0.0, 0.0, 3.3354012071841175e-06
1492028607419354580,107892,1492028607,378155947,-0.108401116648,0.781514770081,0.0,0.0,0.0,0.467283401894,0.88410758526,329.74606148557405, 1.9362929579912596, 0.0, 0.0, 0.0, -148.41069431610146, 1.936292957994633, 206.84183180718603, 0.0, 0.0, 0.0, -6.24047207024648, 0.0, 0.0, 9.983545825609684e-07, 3.302898851784926e-20, -2.7083589516016296e-17, 0.0, 0.0, 0.0, 3.3028988517849264e-20, 9.96719932837677e-07, 5.435185734057486e-28, 0.0, 0.0, 0.0, -2.7083589516016302e-17, 5.4379611194779695e-28, 9.96719932837677e-07, 0.0, -148.4106943160951, -6.240472070246293, 0.0, 0.0, 0.0, 215.78333235971965,0.000489012795757,1.7876170425e-06,0.0,0.0,0.0,0.0,3.387408150377773e-06, 0.0, 0.0, 0.0, 0.0, 0.0, 0.0, 3.387408150377773e-06, 0.0, 0.0, 0.0, 0.0, 0.0, 0.0, 9.975359200254445e-07, -5.334709465450615e-26, -3.6464197165326534e-26, 0.0, 0.0, 0.0, -5.334709465450613e-26, 9.902864025598253e-07, -1.0918598041034287e-33, 0.0, 0.0, 0.0, -3.646419716532652e-26, -2.6317742308649048e-33, 9.902864025598253e-07, 0.0, 0.0, 0.0, 0.0, 0.0, 0.0, 3.3761180609018957e-06
1492028607452301585,107893,1492028607,418391943,-0.10839423243,0.78152487735,0.0,0.0,0.0,0.467283401894,0.88410758526,329.75159111416247, 1.9351689936401637, 0.0, 0.0, 0.0, -148.41325167530587, 1.9351689936435372, 206.84374290747638, 0.0, 0.0, 0.0, -6.238730361345127, 0.0, 0.0, 9.983711453897212e-07, -7.571273003338706e-20, -1.0337628427470702e-17, 0.0, 0.0, 0.0, -7.571273003338707e-20, 9.967528433589633e-07, -4.805155609311673e-28, 0.0, 0.0, 0.0, -1.03376284274707e-17, -4.805160363951223e-28, 9.967528433589633e-07, 0.0, -148.4132516752995, -6.238730361344939, 0.0, 0.0, 0.0, 215.785746520875,8.61058522549e-05,1.29961727142e-06,0.0,0.0,0.0,0.0,3.421967488946124e-06, 0.0, 0.0, 0.0, 0.0, 0.0, 0.0, 3.421967488946124e-06, 0.0, 0.0, 0.0, 0.0, 0.0, 0.0, 9.975606833499802e-07, -2.0489972674849578e-26, -1.3750116960187724e-26, 0.0, 0.0, 0.0, -2.0489972674849584e-26, 9.903826280536997e-07, 1.063339269484799e-33, 0.0, 0.0, 0.0, -1.3750116960187718e-26, -1.0633393090912685e-33, 9.903826280536997e-07, 0.0, 0.0, 0.0, 0.0, 0.0, 0.0, 3.410558361514978e-06
1492028607485565908,107894,1492028607,458275080,-0.108393935762,0.781525348185,0.0,0.0,0.0,0.467283401894,0.88410758526,329.7538876061724, 1.9350768336386401, 0.0, 0.0, 0.0, -148.41347144677795, 1.9350768336420137, 206.84572880825107, 0.0, 0.0, 0.0, -6.238587126876105, 0.0, 0.0, 9.983573663759621e-07, 9.932071645964549e-20, 7.353278017806458e-20, 0.0, 0.0, 0.0, 9.932071645964551e-20, 9.967254641088007e-07, -4.514981642751301e-30, 0.0, 0.0, 0.0, 7.353278017806452e-20, -4.3771512625750134e-30, 9.967254641088007e-07, 0.0, -148.41347144677158, -6.238587126875918, 0.0, 0.0, 0.0, 215.78813951043097,-4.27851051003e-05,2.5276973006e-07,0.0,0.0,0.0,0.0,3.393166969352987e-06, 0.0, 0.0, 0.0, 0.0, 0.0, 0.0, 3.393166969352987e-06, 0.0, 0.0, 0.0, 0.0, 0.0, 0.0, 9.975400820752096e-07, 2.784016590221949e-28, -9.699819902625672e-29, 0.0, 0.0, 0.0, 2.784016590221951e-28, 9.90302571983286e-07, -1.2222726389658746e-33, 0.0, 0.0, 0.0, -9.69981990262568e-29, 1.2222726389658915e-33, 9.90302571983286e-07, 0.0, 0.0, 0.0, 0.0, 0.0, 0.0, 3.3818564710823625e-06
1492028607519283911,107895,1492028607,498337984,-0.108396863175,0.781521073514,0.0,0.0,0.0,0.467283401894,0.88410758526,329.754816628734, 1.9354235848956758, 0.0, 0.0, 0.0, -148.412690552213, 1.93542358489905, 206.84776303093875, 0.0, 0.0, 0.0, -6.239124122062306, 0.0, 0.0, 9.983564008896263e-07, -7.958488093404473e-20, 9.400060189908207e-18, 0.0, 0.0, 0.0, -7.95848809340447e-20, 9.967235460225196e-07, 4.553012800807185e-28, 0.0, 0.0, 0.0, 9.400060189908207e-18, 4.55021436441268e-28, 9.967235460225196e-07, 0.0, -148.41269055220664, -6.239124122062119, 0.0, 0.0, 0.0, 215.79054328605898,-0.000200447335091,-1.13688624938e-06,0.0,0.0,0.0,0.0,3.3911736538962526e-06, 0.0, 0.0, 0.0, 0.0, 0.0, 0.0, 3.3911736538962526e-06, 0.0, 0.0, 0.0, 0.0, 0.0, 0.0, 9.975386386741607e-07, 1.8428512419200087e-26, 1.279329137448825e-26, 0.0, 0.0, 0.0, 1.8428512419200087e-26, 9.902969734034424e-07, 1.8154334821585942e-33, 0.0, 0.0, 0.0, 1.2793291374488252e-26, -1.8154334821585942e-33, 9.902969734034424e-07, 0.0, 0.0, 0.0, 0.0, 0.0, 0.0, 3.3798736127058135e-06
1492028607552250145,107896,1492028607,538393974,-0.108401065254,0.781514856827,0.0,0.0,0.0,0.467283401894,0.88410758526,329.75494122342405, 1.9360185182322167, 0.0, 0.0, 0.0, -148.41132507579812, 1.9360185182355902, 206.84981920156105, 0.0, 0.0, 0.0, -6.2400465643752066, 0.0, 0.0, 9.98346291608289e-07, -1.5884386388739037e-20, 9.579191136447869e-18, 0.0, 0.0, 0.0, -1.588438638873904e-20, 9.9670345972495e-07, 9.201092994417346e-29, 0.0, 0.0, 0.0, 9.57919113644787e-18, 9.201125494485157e-29, 9.9670345972495e-07, 0.0, -148.41132507579175, -6.240046564375019, 0.0, 0.0, 0.0, 215.79294664684008,-0.000180592045926,-6.43772808055e-07,0.0,0.0,0.0,0.0,3.3703747807224856e-06, 0.0, 0.0, 0.0, 0.0, 0.0, 0.0, 3.3703747807224856e-06, 0.0, 0.0, 0.0, 0.0, 0.0, 0.0, 9.975235244993335e-07, 1.88635414291159e-26, 1.2905894489144942e-26, 0.0, 0.0, 0.0, 1.8863541429115893e-26, 9.90238255632936e-07, 4.726174033572906e-34, 0.0, 0.0, 0.0, 1.2905894489144937e-26, -4.726174033574658e-34, 9.90238255632936e-07, 0.0, 0.0, 0.0, 0.0, 0.0, 0.0, 3.3591467363555974e-06
1492028607585172917,107897,1492028607,538393974,-0.108401065254,0.781514856827,0.0,0.0,0.0,0.467283401894,0.88410758526,329.75494122342405, 1.9360185182322167, 0.0, 0.0, 0.0, -148.41132507579812, 1.9360185182355902, 206.84981920156105, 0.0, 0.0, 0.0, -6.2400465643752066, 0.0, 0.0, 9.98346291608289e-07, -1.5884386388739037e-20, 9.579191136447869e-18, 0.0, 0.0, 0.0, -1.588438638873904e-20, 9.9670345972495e-07, 9.201092994417346e-29, 0.0, 0.0, 0.0, 9.57919113644787e-18, 9.201125494485157e-29, 9.9670345972495e-07, 0.0, -148.41132507579175, -6.240046564375019, 0.0, 0.0, 0.0, 215.79294664684008,-0.000180592045926,-6.43772808055e-07,0.0,0.0,0.0,0.0,3.3703747807224856e-06, 0.0, 0.0, 0.0, 0.0, 0.0, 0.0, 3.3703747807224856e-06, 0.0, 0.0, 0.0, 0.0, 0.0, 0.0, 9.975235244993335e-07, 1.88635414291159e-26, 1.2905894489144942e-26, 0.0, 0.0, 0.0, 1.8863541429115893e-26, 9.90238255632936e-07, 4.726174033572906e-34, 0.0, 0.0, 0.0, 1.2905894489144937e-26, -4.726174033574658e-34, 9.90238255632936e-07, 0.0, 0.0, 0.0, 0.0, 0.0, 0.0, 3.3591467363555974e-06
1492028607619008225,107898,1492028607,578479052,-0.108405553241,0.781508243842,0.0,0.0,0.0,0.467283401894,0.88410758526,329.75499343424764, 1.9366377458716624, 0.0, 0.0, 0.0, -148.4099058893987, 1.9366377458750357, 206.85187900933227, 0.0, 0.0, 0.0, -6.24100661699855, 0.0, 0.0, 9.983464480809376e-07, -4.2833732572357966e-20, 1.074338820493192e-17, 0.0, 0.0, 0.0, -4.283373257235796e-20, 9.96703770637264e-07, 2.782965820559328e-28, 0.0, 0.0, 0.0, 1.0743388204931918e-17, 2.7829796631808033e-28, 9.96703770637264e-07, 0.0, -148.40990588939232, -6.241006616998362, 0.0, 0.0, 0.0, 215.79535175284585,-0.000196746203583,1.62460134142e-06,0.0,0.0,0.0,0.0,3.3706952125084232e-06, 0.0, 0.0, 0.0, 0.0, 0.0, 0.0, 3.3706952125084232e-06, 0.0, 0.0, 0.0, 0.0, 0.0, 0.0, 9.975237584424032e-07, 2.1122846653924916e-26, 1.4523975822073712e-26, 0.0, 0.0, 0.0, 2.1122846653924928e-26, 9.902391650638129e-07, -1.725397131431048e-33, 0.0, 0.0, 0.0, 1.4523975822073717e-26, 1.7253971314311303e-33, 9.902391650638129e-07, 0.0, 0.0, 0.0, 0.0, 0.0, 0.0, 3.3594663031122836e-06
1492028607652311075,107899,1492028607,618678093,-0.108408827557,0.781503456937,0.0,0.0,0.0,0.467283401894,0.88410758526,329.7554382498105, 1.937141119524726, 0.0, 0.0, 0.0, -148.408767968481, 1.9371411195280988, 206.8539340954226, 0.0, 0.0, 0.0, -6.241786408220735, 0.0, 0.0, 9.98372927263885e-07, -5.340464225230374e-20, 6.274278120868924e-18, 0.0, 0.0, 0.0, -5.3404642252303734e-20, 9.967563840315743e-07, 2.0593817228349597e-28, 0.0, 0.0, 0.0, 6.2742781208689225e-18, 2.059371551517441e-28, 9.967563840315743e-07, 0.0, -148.40876796847462, -6.241786408220547, 0.0, 0.0, 0.0, 215.79776369670267,-8.62609350551e-05,4.39687605217e-07,0.0,0.0,0.0,0.0,3.425726066868859e-06, 0.0, 0.0, 0.0, 0.0, 0.0, 0.0, 3.425726066868859e-06, 0.0, 0.0, 0.0, 0.0, 0.0, 0.0, 9.97563347485631e-07, 1.2302257235081923e-26, 8.541200751119622e-27, 0.0, 0.0, 0.0, 1.2302257235081915e-26, 9.903929801167938e-07, 6.0383611169153474e-34, 0.0, 0.0, 0.0, 8.541200751119619e-27, -6.038361116915566e-34, 9.903929801167938e-07, 0.0, 0.0, 0.0, 0.0, 0.0, 0.0, 3.41430325561984e-06
1492028607685584351,107900,1492028607,658621073,-0.108411996499,0.781498821107,0.0,0.0,0.0,0.467283401894,0.88410758526,329.7562360527732, 1.9375276220196642, 0.0, 0.0, 0.0, -148.40789597183556, 1.937527622023037, 206.8559659051887, 0.0, 0.0, 0.0, -6.242385093346776, 0.0, 0.0, 9.983529931752976e-07, -5.975461138009547e-20, 9.005204260571179e-18, 0.0, 0.0, 0.0, -5.975461138009547e-20, 9.96716775223231e-07, 3.2678448044836854e-28, 0.0, 0.0, 0.0, 9.005204260571182e-18, 3.266464394196046e-28, 9.96716775223231e-07, 0.0, -148.4078959718292, -6.242385093346589, 0.0, 0.0, 0.0, 215.80016027684997,-0.000229065491645,-1.37963415988e-06,0.0,0.0,0.0,0.0,3.3841370375165257e-06, 0.0, 0.0, 0.0, 0.0, 0.0, 0.0, 3.3841370375165257e-06, 0.0, 0.0, 0.0, 0.0, 0.0, 0.0, 9.975335438801538e-07, 1.767729198375185e-26, 1.2223887561836425e-26, 0.0, 0.0, 0.0, 1.7677291983751845e-26, 9.902771835450596e-07, -1.0850335961469958e-33, 0.0, 0.0, 0.0, 1.2223887561836422e-26, 1.085033596146952e-33, 9.902771835450596e-07, 0.0, 0.0, 0.0, 0.0, 0.0, 0.0, 3.372862979325746e-06
1492028607719049919,107901,1492028607,698626995,-0.108415900059,0.781493072341,0.0,0.0,0.0,0.467283401894,0.88410758526,329.7564252031536, 1.9381026038525875, 0.0, 0.0, 0.0, -148.40657914730272, 1.93810260385596, 206.85801780647424, 0.0, 0.0, 0.0, -6.243276574859639, 0.0, 0.0, 9.983420161540262e-07, -5.737266364510791e-20, 6.725948375240364e-18, 0.0, 0.0, 0.0, -5.737266364510792e-20, 9.966949635723988e-07, 2.327433194162572e-28, 0.0, 0.0, 0.0, 6.7259483752403675e-18, 2.327443846962577e-28, 9.966949635723988e-07, 0.0, -148.40657914729636, -6.243276574859451, 0.0, 0.0, 0.0, 215.8025606335525,-0.000152704619351,7.93673434778e-07,0.0,0.0,0.0,0.0,3.36162573849904e-06, 0.0, 0.0, 0.0, 0.0, 0.0, 0.0, 3.36162573849904e-06, 0.0, 0.0, 0.0, 0.0, 0.0, 0.0, 9.975171320006798e-07, 1.3166347257719092e-26, 9.141479264682209e-27, 0.0, 0.0, 0.0, 1.316634725771908e-26, 9.90213378647757e-07, -6.741175270427949e-34, 0.0, 0.0, 0.0, 9.141479264682208e-27, 6.7411752704268e-34, 9.90213378647757e-07, 0.0, 0.0, 0.0, 0.0, 0.0, 0.0, 3.3504120110310567e-06
1492028607752302325,107902,1492028607,738775969,-0.108425468376,0.781479017966,0.0,0.0,0.0,0.467283401894,0.88410758526,329.7550919661182, 1.9391697899954996, 0.0, 0.0, 0.0, -148.40415019730716, 1.9391697899988725, 206.86012099875154, 0.0, 0.0, 0.0, -6.244930621782037, 0.0, 0.0, 9.983652411735819e-07, -6.647470848110773e-20, 3.2787300003274695e-17, 0.0, 0.0, 0.0, -6.64747084811077e-20, 9.967411111924119e-07, 1.3331717219464462e-27, 0.0, 0.0, 0.0, 3.2787300003274695e-17, 1.3333095884378089e-27, 9.967411111924119e-07, 0.0, -148.4041501973008, -6.244930621781849, 0.0, 0.0, 0.0, 215.8049695733302,-0.000820561117422,-1.99907094701e-07,0.0,0.0,0.0,0.0,3.4095637876555823e-06, 0.0, 0.0, 0.0, 0.0, 0.0, 0.0, 3.4095637876555823e-06, 0.0, 0.0, 0.0, 0.0, 0.0, 0.0, 9.975518557220383e-07, 6.455266493540405e-26, 4.4200065417359264e-26, 0.0, 0.0, 0.0, 6.455266493540405e-26, 9.903483167444213e-07, -1.6083757859740473e-33, 0.0, 0.0, 0.0, 4.4200065417359264e-26, -4.079297330863328e-33, 9.903483167444213e-07, 0.0, 0.0, 0.0, 0.0, 0.0, 0.0, 3.3981952650736347e-06
1492028607785192840,107903,1492028607,738775969,-0.108425468376,0.781479017966,0.0,0.0,0.0,0.467283401894,0.88410758526,329.7550919661182, 1.9391697899954996, 0.0, 0.0, 0.0, -148.40415019730716, 1.9391697899988725, 206.86012099875154, 0.0, 0.0, 0.0, -6.244930621782037, 0.0, 0.0, 9.983652411735819e-07, -6.647470848110773e-20, 3.2787300003274695e-17, 0.0, 0.0, 0.0, -6.64747084811077e-20, 9.967411111924119e-07, 1.3331717219464462e-27, 0.0, 0.0, 0.0, 3.2787300003274695e-17, 1.3333095884378089e-27, 9.967411111924119e-07, 0.0, -148.4041501973008, -6.244930621781849, 0.0, 0.0, 0.0, 215.8049695733302,-0.000820561117422,-1.99907094701e-07,0.0,0.0,0.0,0.0,3.4095637876555823e-06, 0.0, 0.0, 0.0, 0.0, 0.0, 0.0, 3.4095637876555823e-06, 0.0, 0.0, 0.0, 0.0, 0.0, 0.0, 9.975518557220383e-07, 6.455266493540405e-26, 4.4200065417359264e-26, 0.0, 0.0, 0.0, 6.455266493540405e-26, 9.903483167444213e-07, -1.6083757859740473e-33, 0.0, 0.0, 0.0, 4.4200065417359264e-26, -4.079297330863328e-33, 9.903483167444213e-07, 0.0, 0.0, 0.0, 0.0, 0.0, 0.0, 3.3981952650736347e-06
1492028607819019181,107904,1492028607,778772116,-0.108447233397,0.781447089754,0.0,0.0,0.0,0.467283401894,0.88410758526,329.7476594985436, 1.9421854131063903, 0.0, 0.0, 0.0, -148.39729191983886, 1.942185413109763, 206.86239144752233, 0.0, 0.0, 0.0, -6.249604688407353, 0.0, 0.0, 9.983479325821294e-07, -6.488782330846585e-20, 6.096346018111157e-17, 0.0, 0.0, 0.0, -6.488782330846586e-20, 9.96706717328704e-07, 2.3944450237978637e-27, 0.0, 0.0, 0.0, 6.096346018111154e-17, 2.3944461312075817e-27, 9.96706717328704e-07, 0.0, -148.3972919198325, -6.249604688407166, 0.0, 0.0, 0.0, 215.8073693435238,-0.000879369635041,6.27510245438e-07,0.0,0.0,0.0,0.0,3.373678296555246e-06, 0.0, 0.0, 0.0, 0.0, 0.0, 0.0, 3.373678296555246e-06, 0.0, 0.0, 0.0, 0.0, 0.0, 0.0, 9.975259769776484e-07, 1.198244637328837e-25, 8.187601440398507e-26, 0.0, 0.0, 0.0, 1.1982446373288367e-25, 9.902476924968562e-07, -8.655095513417136e-33, 0.0, 0.0, 0.0, 8.187601440398507e-26, -1.059289672134666e-32, 9.902476924968562e-07, 0.0, 0.0, 0.0, 0.0, 0.0, 0.0, 3.362408362056059e-06
1492028607852191105,107905,1492028607,818821907,-0.108457366662,0.78143221664,0.0,0.0,0.0,0.467283401894,0.88410758526,329.744126968561, 1.9439549716085323, 0.0, 0.0, 0.0, -148.3932671722286, 1.9439549716119058, 206.86455286616845, 0.0, 0.0, 0.0, -6.252347656001616, 0.0, 0.0, 9.98341662308119e-07, 9.714692252676854e-21, 1.2836068066687515e-17, 0.0, 0.0, 0.0, 9.714692252676857e-21, 9.96694261372443e-07, -7.519453420854155e-29, 0.0, 0.0, 0.0, 1.2836068066687518e-17, -7.519497957984119e-29, 9.96694261372443e-07, 0.0, -148.39326717222224, -6.2523476560014295, 0.0, 0.0, 0.0, 215.80977233236965,-3.51711535684e-06,6.0357586596e-07,0.0,0.0,0.0,0.0,3.3609227433766877e-06, 0.0, 0.0, 0.0, 0.0, 0.0, 0.0, 3.3609227433766877e-06, 0.0, 0.0, 0.0, 0.0, 0.0, 0.0, 9.975166032459063e-07, 2.5305002622671062e-26, 1.7223395485006928e-26, 0.0, 0.0, 0.0, 2.530500262267106e-26, 9.90211351544424e-07, -2.7587871770403022e-34, 0.0, 0.0, 0.0, 1.7223395485006926e-26, 2.754807299921722e-34, 9.90211351544424e-07, 0.0, 0.0, 0.0, 0.0, 0.0, 0.0, 3.349720623760457e-06
1492028607885539257,107906,1492028607,859303951,-0.108450115936,0.781442806817,0.0,0.0,0.0,0.467283401894,0.88410758526,329.7486523238639, 1.9431519475605104, 0.0, 0.0, 0.0, -148.39508595108774, 1.943151947563883, 206.86650489487099, 0.0, 0.0, 0.0, -6.251103186399158, 0.0, 0.0, 9.984139412289006e-07, -2.1092448128108772e-20, -2.3711506857906664e-17, 0.0, 0.0, 0.0, -2.1092448128108766e-20, 9.968378886336926e-07, -3.1533205840469137e-28, 0.0, 0.0, 0.0, -2.3711506857906658e-17, -3.153313121068379e-28, 9.968378886336926e-07, 0.0, -148.39508595108137, -6.2511031863989714, 0.0, 0.0, 0.0, 215.81220125641664,0.000513849425057,-8.10582613486e-07,0.0,0.0,0.0,0.0,3.514593073362018e-06, 0.0, 0.0, 0.0, 0.0, 0.0, 0.0, 3.514593073362018e-06, 0.0, 0.0, 0.0, 0.0, 0.0, 0.0, 9.976246716346558e-07, -4.681831967163986e-26, -3.185692336088302e-26, 0.0, 0.0, 0.0, -4.681831967163987e-26, 9.906313858869847e-07, -3.3111020430292153e-33, 0.0, 0.0, 0.0, -3.185692336088304e-26, -7.914640357902454e-34, 9.906313858869847e-07, 0.0, 0.0, 0.0, 0.0, 0.0, 0.0, 3.5028576096809584e-06
1492028607918946768,107907,1492028607,899364948,-0.108434208222,0.781466125121,0.0,0.0,0.0,0.467283401894,0.88410758526,329.7573146181969, 1.9410189804918745, 0.0, 0.0, 0.0, -148.3999281721959, 1.9410189804952467, 206.86831651026768, 0.0, 0.0, 0.0, -6.247797311107465, 0.0, 0.0, 9.984115264963506e-07, -6.734568554557852e-20, -4.088437976777517e-17, 0.0, 0.0, 0.0, -6.734568554557853e-20, 9.968330894954933e-07, -1.733288579014253e-27, 0.0, 0.0, 0.0, -4.088437976777518e-17, -1.7334184528963467e-27, 9.968330894954933e-07, 0.0, -148.39992817218953, -6.247797311107279, 0.0, 0.0, 0.0, 215.81460491760345,0.000737324882953,1.06881428622e-06,0.0,0.0,0.0,0.0,3.509231104342927e-06, 0.0, 0.0, 0.0, 0.0, 0.0, 0.0, 3.509231104342927e-06, 0.0, 0.0, 0.0, 0.0, 0.0, 0.0, 9.976210609471498e-07, -8.075721856670028e-26, -5.486076312650066e-26, 0.0, 0.0, 0.0, -8.075721856670027e-26, 9.906173403743957e-07, -3.6106221642664876e-33, 0.0, 0.0, 0.0, -5.486076312650065e-26, -5.0139644114531776e-33, 9.906173403743957e-07, 0.0, 0.0, 0.0, 0.0, 0.0, 0.0, 3.4975130332410987e-06
1492028607952254538,107908,1492028607,939424992,-0.108421042205,0.781485467698,0.0,0.0,0.0,0.467283401894,0.88410758526,329.76555445951146, 1.9390272885805442, 0.0, 0.0, 0.0, -148.4044631461291, 1.9390272885839166, 206.87014082923105, 0.0, 0.0, 0.0, -6.244709995773323, 0.0, 0.0, 9.983939359265903e-07, -2.520868217023695e-20, -2.5090301463786232e-17, 0.0, 0.0, 0.0, -2.5208682170236947e-20, 9.967981318577806e-07, -3.9374985304228376e-28, 0.0, 0.0, 0.0, -2.5090301463786238e-17, -3.938818996140958e-28, 9.967981318577806e-07, 0.0, -148.40446314612274, -6.244709995773136, 0.0, 0.0, 0.0, 215.8170085215732,0.000359592823713,1.00528074047e-06,0.0,0.0,0.0,0.0,3.470684770105893e-06, 0.0, 0.0, 0.0, 0.0, 0.0, 0.0, 3.470684770105893e-06, 0.0, 0.0, 0.0, 0.0, 0.0, 0.0, 9.975947591184797e-07, -4.9541223616888264e-26, -3.3701364955105194e-26, 0.0, 0.0, 0.0, -4.9541223616888264e-26, 9.905150828123588e-07, -2.8654953657216706e-33, 0.0, 0.0, 0.0, -3.3701364955105194e-26, -1.4713552961334249e-33, 9.905150828123588e-07, 0.0, 0.0, 0.0, 0.0, 0.0, 0.0, 3.459106715386425e-06
1492028607985144941,107909,1492028607,939424992,-0.108421042205,0.781485467698,0.0,0.0,0.0,0.467283401894,0.88410758526,329.76555445951146, 1.9390272885805442, 0.0, 0.0, 0.0, -148.4044631461291, 1.9390272885839166, 206.87014082923105, 0.0, 0.0, 0.0, -6.244709995773323, 0.0, 0.0, 9.983939359265903e-07, -2.520868217023695e-20, -2.5090301463786232e-17, 0.0, 0.0, 0.0, -2.5208682170236947e-20, 9.967981318577806e-07, -3.9374985304228376e-28, 0.0, 0.0, 0.0, -2.5090301463786238e-17, -3.938818996140958e-28, 9.967981318577806e-07, 0.0, -148.40446314612274, -6.244709995773136, 0.0, 0.0, 0.0, 215.8170085215732,0.000359592823713,1.00528074047e-06,0.0,0.0,0.0,0.0,3.470684770105893e-06, 0.0, 0.0, 0.0, 0.0, 0.0, 0.0, 3.470684770105893e-06, 0.0, 0.0, 0.0, 0.0, 0.0, 0.0, 9.975947591184797e-07, -4.9541223616888264e-26, -3.3701364955105194e-26, 0.0, 0.0, 0.0, -4.9541223616888264e-26, 9.905150828123588e-07, -2.8654953657216706e-33, 0.0, 0.0, 0.0, -3.3701364955105194e-26, -1.4713552961334249e-33, 9.905150828123588e-07, 0.0, 0.0, 0.0, 0.0, 0.0, 0.0, 3.459106715386425e-06
1492028608019091044,107910,1492028607,979568005,-0.108414601395,0.781494951241,0.0,0.0,0.0,0.467283401894,0.88410758526,329.7705967102977, 1.938062588357456, 0.0, 0.0, 0.0, -148.40667001390693, 1.938062588360828, 206.87206145700668, 0.0, 0.0, 0.0, -6.243214235871407, 0.0, 0.0, 9.983753097625094e-07, -1.4843901462565605e-20, -1.2997118869639208e-17, 0.0, 0.0, 0.0, -1.4843901462565608e-20, 9.967611190134894e-07, -1.1874847693588673e-28, 0.0, 0.0, 0.0, -1.299711886963921e-17, -1.187470445254906e-28, 9.967611190134894e-07, 0.0, -148.40667001390057, -6.24321423587122, 0.0, 0.0, 0.0, 215.81941710373212,0.000193944327401,-1.60998440196e-06,0.0,0.0,0.0,0.0,3.4307828163296734e-06, 0.0, 0.0, 0.0, 0.0, 0.0, 0.0, 3.4307828163296734e-06, 0.0, 0.0, 0.0, 0.0, 0.0, 0.0, 9.975669098997672e-07, -2.5669717248291543e-26, -1.7457165139151516e-26, 0.0, 0.0, 0.0, -2.5669717248291546e-26, 9.904068487655881e-07, -1.7297592819295143e-33, 0.0, 0.0, 0.0, -1.745716513915151e-26, 1.7297592676055782e-33, 9.904068487655881e-07, 0.0, 0.0, 0.0, 0.0, 0.0, 0.0, 3.419351686695282e-06
1492028608051941823,107911,1492028608,20445108,-0.108411776639,0.781499016429,0.0,0.0,0.0,0.467283401894,0.88410758526,329.7740204079294, 1.9376120919225572, 0.0, 0.0, 0.0, -148.40767330664292, 1.9376120919259288, 206.87406499791604, 0.0, 0.0, 0.0, -6.242516900127675, 0.0, 0.0, 9.98531119264173e-07, -5.236926206420957e-20, -4.303917968287349e-18, 0.0, 0.0, 0.0, -5.2369262064209545e-20, 9.970708229312098e-07, -1.535565671557128e-28, 0.0, 0.0, 0.0, -4.303917968287347e-18, -1.5333432687719267e-28, 9.970708229312098e-07, 0.0, -148.40767330663655, -6.242516900127488, 0.0, 0.0, 0.0, 215.82186973137817,5.85128703844e-05,-3.20753085987e-07,0.0,0.0,0.0,0.0,3.795837458116408e-06, 0.0, 0.0, 0.0, 0.0, 0.0, 0.0, 3.795837458116408e-06, 0.0, 0.0, 0.0, 0.0, 0.0, 0.0, 9.977999040825688e-07, -8.57891934996604e-27, -5.6969473648747065e-27, 0.0, 0.0, 0.0, -8.578919349966034e-27, 9.913135774714632e-07, -5.71308131943807e-34, 0.0, 0.0, 0.0, -5.696947364874706e-27, 5.713081319438631e-34, 9.913135774714632e-07, 0.0, 0.0, 0.0, 0.0, 0.0, 0.0, 3.7831114922853912e-06
1492028608085135662,107912,1492028608,58682919,-0.108411986897,0.781498693281,0.0,0.0,0.0,0.467283401894,0.88410758526,329.7760477421648, 1.937573928768163, 0.0, 0.0, 0.0, -148.4077572313084, 1.9375739287715354, 206.87597349671822, 0.0, 0.0, 0.0, -6.2424578716017916, 0.0, 0.0, 9.983163801878793e-07, -6.355127640957137e-20, 3.2888160702816927e-18, 0.0, 0.0, 0.0, -6.355127640957138e-20, 9.966440321108438e-07, 1.2414248309791175e-28, 0.0, 0.0, 0.0, 3.2888160702816927e-18, 1.2414254930175359e-28, 9.966440321108438e-07, 0.0, -148.40775723130204, -6.242457871601605, 0.0, 0.0, 0.0, 215.82416400121934,-0.000109516531101,-6.50199224183e-07,0.0,0.0,0.0,0.0,3.310281161948675e-06, 0.0, 0.0, 0.0, 0.0, 0.0, 0.0, 3.310281161948675e-06, 0.0, 0.0, 0.0, 0.0, 0.0, 0.0, 9.974788060769019e-07, 6.389626934767587e-27, 4.539329873508663e-27, 0.0, 0.0, 0.0, 6.389626934767588e-27, 9.900645608072836e-07, -1.110538896587031e-33, 0.0, 0.0, 0.0, 4.5393298735086655e-27, 1.110538896587031e-33, 9.900645608072836e-07, 0.0, 0.0, 0.0, 0.0, 0.0, 0.0, 3.2992518210881714e-06
1492028608119079566,107913,1492028608,98989964,-0.10841561296,0.781493313436,0.0,0.0,0.0,0.467283401894,0.88410758526,329.77650929040186, 1.9380655338031987, 0.0, 0.0, 0.0, -148.40662738091356, 1.9380655338065718, 206.87803298479562, 0.0, 0.0, 0.0, -6.243220329397921, 0.0, 0.0, 9.98386931552617e-07, 1.6000421799427674e-20, 9.304110512697437e-18, 0.0, 0.0, 0.0, 1.6000421799427677e-20, 9.96784212613298e-07, -9.23554607556311e-29, 0.0, 0.0, 0.0, 9.304110512697437e-18, -9.222421464845219e-29, 9.96784212613298e-07, 0.0, -148.4066273809072, -6.243220329397735, 0.0, 0.0, 0.0, 215.82658242529467,-0.000147644608379,-1.54950462582e-06,0.0,0.0,0.0,0.0,3.455566079788659e-06, 0.0, 0.0, 0.0, 0.0, 0.0, 0.0, 3.455566079788659e-06, 0.0, 0.0, 0.0, 0.0, 0.0, 0.0, 9.975842862178867e-07, 1.8377460352998168e-26, 1.2482416496239784e-26, 0.0, 0.0, 0.0, 1.837746035299817e-26, 9.904743689919964e-07, 5.903834422653338e-34, 0.0, 0.0, 0.0, 1.2482416496239784e-26, -5.903834422653338e-34, 9.904743689919964e-07, 0.0, 0.0, 0.0, 0.0, 0.0, 0.0, 3.444040720680295e-06
1492028608152233957,107914,1492028608,139303923,-0.108418376878,0.781489217056,0.0,0.0,0.0,0.467283401894,0.88410758526,329.77733809352014, 1.9384396936911739, 0.0, 0.0, 0.0, -148.40576430946322, 1.938439693694547, 206.88008229283872, 0.0, 0.0, 0.0, -6.243800780603752, 0.0, 0.0, 9.983258553886718e-07, -1.3784720662351325e-21, 6.493309082745053e-18, 0.0, 0.0, 0.0, -1.3784720662351333e-21, 9.966628551981864e-07, 5.3466523595173955e-30, 0.0, 0.0, 0.0, 6.493309082745057e-18, 5.345809765166726e-30, 9.966628551981864e-07, 0.0, -148.40576430945686, -6.243800780603565, 0.0, 0.0, 0.0, 215.82900126424897,-0.00017505437728,-2.82365743018e-07,0.0,0.0,0.0,0.0,3.329058914171318e-06, 0.0, 0.0, 0.0, 0.0, 0.0, 0.0, 3.329058914171318e-06, 0.0, 0.0, 0.0, 0.0, 0.0, 0.0, 9.974929710576518e-07, 1.2773739172521415e-26, 8.712334476242344e-27, 0.0, 0.0, 0.0, 1.277373917252142e-26, 9.90119527199699e-07, 5.168570996932804e-34, 0.0, 0.0, 0.0, 8.71233447624235e-27, -5.1685709969327e-34, 9.90119527199699e-07, 0.0, 0.0, 0.0, 0.0, 0.0, 0.0, 3.317953188930513e-06
1492028608185184600,107915,1492028608,139303923,-0.108418376878,0.781489217056,0.0,0.0,0.0,0.467283401894,0.88410758526,329.77733809352014, 1.9384396936911739, 0.0, 0.0, 0.0, -148.40576430946322, 1.938439693694547, 206.88008229283872, 0.0, 0.0, 0.0, -6.243800780603752, 0.0, 0.0, 9.983258553886718e-07, -1.3784720662351325e-21, 6.493309082745053e-18, 0.0, 0.0, 0.0, -1.3784720662351333e-21, 9.966628551981864e-07, 5.3466523595173955e-30, 0.0, 0.0, 0.0, 6.493309082745057e-18, 5.345809765166726e-30, 9.966628551981864e-07, 0.0, -148.40576430945686, -6.243800780603565, 0.0, 0.0, 0.0, 215.82900126424897,-0.00017505437728,-2.82365743018e-07,0.0,0.0,0.0,0.0,3.329058914171318e-06, 0.0, 0.0, 0.0, 0.0, 0.0, 0.0, 3.329058914171318e-06, 0.0, 0.0, 0.0, 0.0, 0.0, 0.0, 9.974929710576518e-07, 1.2773739172521415e-26, 8.712334476242344e-27, 0.0, 0.0, 0.0, 1.277373917252142e-26, 9.90119527199699e-07, 5.168570996932804e-34, 0.0, 0.0, 0.0, 8.71233447624235e-27, -5.1685709969327e-34, 9.90119527199699e-07, 0.0, 0.0, 0.0, 0.0, 0.0, 0.0, 3.317953188930513e-06
1492028608219066445,107916,1492028608,189409971,-0.108429342998,0.781473143409,0.0,0.0,0.0,0.467283401894,0.88410758526,329.7754906982751, 1.9398325600062103, 0.0, 0.0, 0.0, -148.40259912846992, 1.9398325600095836, 206.88271256027966, 0.0, 0.0, 0.0, -6.245959676956923, 0.0, 0.0, 9.983345506786127e-07, -1.2755679965466048e-20, 2.9590921152816655e-17, 0.0, 0.0, 0.0, -1.2755679965466042e-20, 9.966801318851686e-07, 2.266362858405714e-28, 0.0, 0.0, 0.0, 2.9590921152816655e-17, 2.266374052873516e-28, 9.966801318851686e-07, 0.0, -148.40259912846355, -6.245959676956736, 0.0, 0.0, 0.0, 215.8320076288735,-0.00051838075777,1.2295128368e-07,0.0,0.0,0.0,0.0,3.3465233684039836e-06, 0.0, 0.0, 0.0, 0.0, 0.0, 0.0, 3.3465233684039836e-06, 0.0, 0.0, 0.0, 0.0, 0.0, 0.0, 9.97505971072549e-07, 5.827603152157537e-26, 3.9765871029531767e-26, 0.0, 0.0, 0.0, 5.827603152157535e-26, 9.901700551621032e-07, -2.6572757517408075e-33, 0.0, 0.0, 0.0, 3.976587102953174e-26, -2.0084802196938627e-33, 9.901700551621032e-07, 0.0, 0.0, 0.0, 0.0, 0.0, 0.0, 3.3353709758690365e-06
1492028608252480569,107917,1492028608,249542952,-0.108441595445,0.781455119747,0.0,0.0,0.0,0.467283401894,0.88410758526,329.7729154438741, 1.9416114309727857, 0.0, 0.0, 0.0, -148.39853994957883, 1.941611430976156, 206.88587891501922, 0.0, 0.0, 0.0, -6.248717742752354, 0.0, 0.0, 9.98146968738072e-07, 5.591090881093526e-20, 1.5099322685044156e-17, 0.0, 0.0, 0.0, 5.591090881093527e-20, 9.963075913373578e-07, -4.5558800891972025e-28, 0.0, 0.0, 0.0, 1.5099322685044163e-17, -4.555863839163297e-28, 9.963075913373578e-07, 0.0, -148.39853994957247, -6.248717742752167, 0.0, 0.0, 0.0, 215.83561560978123,-0.000348833661311,1.41279676502e-06,0.0,0.0,0.0,0.0,3.0067277188289377e-06, 0.0, 0.0, 0.0, 0.0, 0.0, 0.0, 3.0067277188289377e-06, 0.0, 0.0, 0.0, 0.0, 0.0, 0.0, 9.972255846769602e-07, 2.9812227516752356e-26, 2.01629061023714e-26, 0.0, 0.0, 0.0, 2.9812227516752385e-26, 9.890830491911967e-07, 3.822837977440686e-34, 0.0, 0.0, 0.0, 2.0162906102371418e-26, -3.822837977493016e-34, 9.890830491911967e-07, 0.0, 0.0, 0.0, 0.0, 0.0, 0.0, 2.99680338312692e-06
1492028608285139879,107918,1492028608,249542952,-0.108441595445,0.781455119747,0.0,0.0,0.0,0.467283401894,0.88410758526,329.7729154438741, 1.9416114309727857, 0.0, 0.0, 0.0, -148.39853994957883, 1.941611430976156, 206.88587891501922, 0.0, 0.0, 0.0, -6.248717742752354, 0.0, 0.0, 9.98146968738072e-07, 5.591090881093526e-20, 1.5099322685044156e-17, 0.0, 0.0, 0.0, 5.591090881093527e-20, 9.963075913373578e-07, -4.5558800891972025e-28, 0.0, 0.0, 0.0, 1.5099322685044163e-17, -4.555863839163297e-28, 9.963075913373578e-07, 0.0, -148.39853994957247, -6.248717742752167, 0.0, 0.0, 0.0, 215.83561560978123,-0.000348833661311,1.41279676502e-06,0.0,0.0,0.0,0.0,3.0067277188289377e-06, 0.0, 0.0, 0.0, 0.0, 0.0, 0.0, 3.0067277188289377e-06, 0.0, 0.0, 0.0, 0.0, 0.0, 0.0, 9.972255846769602e-07, 2.9812227516752356e-26, 2.01629061023714e-26, 0.0, 0.0, 0.0, 2.9812227516752385e-26, 9.890830491911967e-07, 3.822837977440686e-34, 0.0, 0.0, 0.0, 2.0162906102371418e-26, -3.822837977493016e-34, 9.890830491911967e-07, 0.0, 0.0, 0.0, 0.0, 0.0, 0.0, 2.99680338312692e-06
1492028608318921255,107919,1492028608,279900074,-0.108448203081,0.781445464997,0.0,0.0,0.0,0.467283401894,0.88410758526,329.7716238514565, 1.9425141664126842, 0.0, 0.0, 0.0, -148.39649683833318, 1.942514166416055, 206.88747780734974, 0.0, 0.0, 0.0, -6.250116764075581, 0.0, 0.0, 9.984015013240844e-07, -1.047039828229956e-20, 2.195332086500935e-17, 0.0, 0.0, 0.0, -1.0470398282299563e-20, 9.968131661619676e-07, 1.437975731824178e-28, 0.0, 0.0, 0.0, 2.1953320865009348e-17, 1.4379743475620304e-28, 9.968131661619671e-07, 0.0, -148.3964968383268, -6.250116764075394, 0.0, 0.0, 0.0, 215.83743703813496,-0.00039999760654,9.51423894418e-07,0.0,0.0,0.0,0.0,3.4871573430695653e-06, 0.0, 0.0, 0.0, 0.0, 0.0, 0.0, 3.4871573430695653e-06, 0.0, 0.0, 0.0, 0.0, 0.0, 0.0, 9.976060709426178e-07, 4.3299405227807174e-26, 2.9549164450891464e-26, 0.0, 0.0, 0.0, 4.329940522780717e-26, 9.905590554678948e-07, 4.938336716015851e-34, 0.0, 0.0, 0.0, 2.9549164450891476e-26, -3.284936478698404e-33, 9.905590554678948e-07, 0.0, 0.0, 0.0, 0.0, 0.0, 0.0, 3.475518607259014e-06
1492028608352247668,107920,1492028608,319761038,-0.108453067617,0.781438344221,0.0,0.0,0.0,0.467283401894,0.88410758526,329.77101220958974, 1.9433486515647107, 0.0, 0.0, 0.0, -148.3946025872007, 1.9433486515680822, 206.8895458040679, 0.0, 0.0, 0.0, -6.251410294557773, 0.0, 0.0, 9.98334392118222e-07, -1.7706524778348354e-21, 6.031127146390602e-18, 0.0, 0.0, 0.0, -1.7706524778348362e-21, 9.966798178562737e-07, 6.482451488626541e-30, 0.0, 0.0, 0.0, 6.031127146390606e-18, 6.34079934121686e-30, 9.966798178562737e-07, 0.0, -148.39460258719433, -6.251410294557586, 0.0, 0.0, 0.0, 215.83982869732367,-1.6607078625e-05,1.08330373347e-06,0.0,0.0,0.0,0.0,3.3462246541953416e-06, 0.0, 0.0, 0.0, 0.0, 0.0, 0.0, 3.3462246541953416e-06, 0.0, 0.0, 0.0, 0.0, 0.0, 0.0, 9.97505734333456e-07, 1.1888816907990882e-26, 8.110194151958385e-27, 0.0, 0.0, 0.0, 1.1888816907990885e-26, 9.901691676150003e-07, -6.574008054649399e-34, 0.0, 0.0, 0.0, 8.110194151958385e-27, 6.574007901214223e-34, 9.901691676150003e-07, 0.0, 0.0, 0.0, 0.0, 0.0, 0.0, 3.33508479595842e-06
1492028608385604868,107921,1492028608,359895945,-0.108454507273,0.78143622063,0.0,0.0,0.0,0.467283401894,0.88410758526,329.772582135161, 1.9434889280552068, 0.0, 0.0, 0.0, -148.39428488848057, 1.9434889280585794, 206.89156517038592, 0.0, 0.0, 0.0, -6.251627712008383, 0.0, 0.0, 9.983745162663405e-07, -2.7752688717951146e-20, 5.070561002681488e-18, 0.0, 0.0, 0.0, -2.775268871795116e-20, 9.967595413889878e-07, 8.66399567005771e-29, 0.0, 0.0, 0.0, 5.070561002681488e-18, 8.650404021328304e-29, 9.967595413889878e-07, 0.0, -148.3942848884742, -6.2516277120081964, 0.0, 0.0, 0.0, 215.84223679309534,-0.000169276888977,-8.69924035735e-07,0.0,0.0,0.0,0.0,3.4290827544935227e-06, 0.0, 0.0, 0.0, 0.0, 0.0, 0.0, 3.4290827544935227e-06, 0.0, 0.0, 0.0, 0.0, 0.0, 0.0, 9.975657232322391e-07, 9.961615527413064e-27, 6.871392815870877e-27, 0.0, 0.0, 0.0, 9.96161552741307e-27, 9.904022089525093e-07, -6.593440779414721e-34, 0.0, 0.0, 0.0, 6.871392815870882e-27, 6.593440779414776e-34, 9.904022089525093e-07, 0.0, 0.0, 0.0, 0.0, 0.0, 0.0, 3.417646617362034e-06
1492028608419018038,107922,1492028608,399792910,-0.108460673734,0.78142717382,0.0,0.0,0.0,0.467283401894,0.88410758526,329.7720635050787, 1.944292811688527, 0.0, 0.0, 0.0, -148.39245689910845, 1.9442928116919, 206.89363224672175, 0.0, 0.0, 0.0, -6.252874007007677, 0.0, 0.0, 9.98344960410872e-07, 2.3150149119323486e-20, 1.680574716268305e-17, 0.0, 0.0, 0.0, 2.315014911932349e-20, 9.967008147321936e-07, -2.3514307025668123e-28, 0.0, 0.0, 0.0, 1.6805747162683053e-17, -2.3500354265074145e-28, 9.967008147321936e-07, 0.0, -148.3924568991021, -6.252874007007491, 0.0, 0.0, 0.0, 215.84463061235252,-0.000310904602722,-1.14397770662e-06,0.0,0.0,0.0,0.0,3.3676532978986976e-06, 0.0, 0.0, 0.0, 0.0, 0.0, 0.0, 3.3676532978986976e-06, 0.0, 0.0, 0.0, 0.0, 0.0, 0.0, 9.975215342530987e-07, 3.3159483786719005e-26, 2.2539284491533502e-26, 0.0, 0.0, 0.0, 3.3159483786719017e-26, 9.902305220121852e-07, 1.8588466547375986e-34, 0.0, 0.0, 0.0, 2.2539284491533502e-26, -1.8588466547373713e-34, 9.902305220121852e-07, 0.0, 0.0, 0.0, 0.0, 0.0, 0.0, 3.356433790417962e-06
1492028608452282553,107923,1492028608,439722061,-0.108465695819,0.781419815428,0.0,0.0,0.0,0.467283401894,0.88410758526,329.77166322048987, 1.9450599649349516, 0.0, 0.0, 0.0, -148.39071376989597, 1.945059964938325, 206.89569764531285, 0.0, 0.0, 0.0, -6.254063340574798, 0.0, 0.0, 9.982226788396923e-07, 5.263321009069764e-20, 1.0147531594199619e-17, 0.0, 0.0, 0.0, 5.2633210090697656e-20, 9.964579183868397e-07, -3.0050670108262914e-28, 0.0, 0.0, 0.0, 1.0147531594199619e-17, -3.005076520105392e-28, 9.964579183868397e-07, 0.0, -148.3907137698896, -6.2540633405746116, 0.0, 0.0, 0.0, 215.84702636282276,-0.000147645091245,-9.23496052749e-07,0.0,0.0,0.0,0.0,3.1352215735898643e-06, 0.0, 0.0, 0.0, 0.0, 0.0, 0.0, 3.1352215735898643e-06, 0.0, 0.0, 0.0, 0.0, 0.0, 0.0, 9.973387387640914e-07, 2.004768336531947e-26, 1.351554105403505e-26, 0.0, 0.0, 0.0, 2.0047683365319476e-26, 9.89521266892269e-07, 6.288622394764947e-34, 0.0, 0.0, 0.0, 1.3515541054035055e-26, -6.288622394765008e-34, 9.89521266892269e-07, 0.0, 0.0, 0.0, 0.0, 0.0, 0.0, 3.1248236126036167e-06
1492028608485209593,107924,1492028608,439722061,-0.108465695819,0.781419815428,0.0,0.0,0.0,0.467283401894,0.88410758526,329.77166322048987, 1.9450599649349516, 0.0, 0.0, 0.0, -148.39071376989597, 1.945059964938325, 206.89569764531285, 0.0, 0.0, 0.0, -6.254063340574798, 0.0, 0.0, 9.982226788396923e-07, 5.263321009069764e-20, 1.0147531594199619e-17, 0.0, 0.0, 0.0, 5.2633210090697656e-20, 9.964579183868397e-07, -3.0050670108262914e-28, 0.0, 0.0, 0.0, 1.0147531594199619e-17, -3.005076520105392e-28, 9.964579183868397e-07, 0.0, -148.3907137698896, -6.2540633405746116, 0.0, 0.0, 0.0, 215.84702636282276,-0.000147645091245,-9.23496052749e-07,0.0,0.0,0.0,0.0,3.1352215735898643e-06, 0.0, 0.0, 0.0, 0.0, 0.0, 0.0, 3.1352215735898643e-06, 0.0, 0.0, 0.0, 0.0, 0.0, 0.0, 9.973387387640914e-07, 2.004768336531947e-26, 1.351554105403505e-26, 0.0, 0.0, 0.0, 2.0047683365319476e-26, 9.89521266892269e-07, 6.288622394764947e-34, 0.0, 0.0, 0.0, 1.3515541054035055e-26, -6.288622394765008e-34, 9.89521266892269e-07, 0.0, 0.0, 0.0, 0.0, 0.0, 0.0, 3.1248236126036167e-06
1492028608519061968,107925,1492028608,479963064,-0.108467564227,0.781417032965,0.0,0.0,0.0,0.467283401894,0.88410758526,329.7727158414439, 1.9453620747676472, 0.0, 0.0, 0.0, -148.39001596049513, 1.9453620747710212, 206.8977368931077, 0.0, 0.0, 0.0, -6.2545321986467455, 0.0, 0.0, 9.983420163267838e-07, -2.870357064194079e-20, 3.2362454168145697e-18, 0.0, 0.0, 0.0, -2.870357064194078e-20, 9.966949649361659e-07, 5.595674499473559e-29, 0.0, 0.0, 0.0, 3.2362454168145697e-18, 5.609733186214478e-29, 9.966949649361659e-07, 0.0, -148.39001596048877, -6.254532198646559, 0.0, 0.0, 0.0, 215.84944082436644,-4.35244001658e-05,-3.77299943143e-07,0.0,0.0,0.0,0.0,3.3616465831218125e-06, 0.0, 0.0, 0.0, 0.0, 0.0, 0.0, 3.3616465831218125e-06, 0.0, 0.0, 0.0, 0.0, 0.0, 0.0, 9.975171325798835e-07, 6.338881563159712e-27, 4.4043260635338e-27, 0.0, 0.0, 0.0, 6.3388815631597135e-27, 9.902134135517618e-07, -8.275700139673225e-36, 0.0, 0.0, 0.0, 4.404326063533799e-27, 8.275700139673225e-36, 9.902134135517618e-07, 0.0, 0.0, 0.0, 0.0, 0.0, 0.0, 3.350444056577169e-06
1492028608552503481,107926,1492028608,520564079,-0.108468127853,0.781416247397,0.0,0.0,0.0,0.467283401894,0.88410758526,329.7744751496355, 1.945453127357584, 0.0, 0.0, 0.0, -148.38981902743868, 1.9454531273609579, 206.89977512818894, 0.0, 0.0, 0.0, -6.2546729457506824, 0.0, 0.0, 9.984308522030755e-07, 5.662799519074569e-20, 7.94113539464405e-19, 0.0, 0.0, 0.0, 5.66279951907457e-20, 9.968714987726214e-07, -2.865857785180445e-29, 0.0, 0.0, 0.0, 7.941135394644051e-19, -2.865802414694544e-29, 9.968714987726214e-07, 0.0, -148.3898190274323, -6.254672945750496, 0.0, 0.0, 0.0, 215.85187688667455,-1.32850357194e-05,-6.71173865114e-07,0.0,0.0,0.0,0.0,3.552590040133891e-06, 0.0, 0.0, 0.0, 0.0, 0.0, 0.0, 3.552590040133891e-06, 0.0, 0.0, 0.0, 0.0, 0.0, 0.0, 9.976499584419188e-07, 1.643798350472069e-27, 9.569096271808612e-28, 0.0, 0.0, 0.0, 1.6437983504720687e-27, 9.907297449493958e-07, -5.552542235907415e-34, 0.0, 0.0, 0.0, 9.569096271808609e-28, 5.552542235908291e-34, 9.907297449493958e-07, 0.0, 0.0, 0.0, 0.0, 0.0, 0.0, 3.540722073490204e-06
1492028608585665580,107927,1492028608,560605049,-0.108468290765,0.781416009859,0.0,0.0,0.0,0.467283401894,0.88410758526,329.77639035399653, 1.945478844857743, 0.0, 0.0, 0.0, -148.38975584502145, 1.9454788448611162, 206.90177952551835, 0.0, 0.0, 0.0, -6.254713018418957, 0.0, 0.0, 9.98412752793074e-07, -5.131353546796226e-20, 3.4314472814471507e-19, 0.0, 0.0, 0.0, -5.131353546796226e-20, 9.968355266340207e-07, 1.1158410782073232e-29, 0.0, 0.0, 0.0, 3.4314472814471516e-19, 1.1027832731843778e-29, 9.968355266340207e-07, 0.0, -148.3897558450151, -6.25471301841877, 0.0, 0.0, 0.0, 215.8542793462334,-1.29387899263e-06,1.71318749821e-06,0.0,0.0,0.0,0.0,3.5119509669439147e-06, 0.0, 0.0, 0.0, 0.0, 0.0, 0.0, 3.5119509669439147e-06, 0.0, 0.0, 0.0, 0.0, 0.0, 0.0, 9.976228945798667e-07, 6.080403296033233e-28, 5.628240285040919e-28, 0.0, 0.0, 0.0, 6.080403296033235e-28, 9.906244715618853e-07, 6.1847333607485885e-34, 0.0, 0.0, 0.0, 5.628240285040922e-28, -6.184733360748151e-34, 9.906244715618853e-07, 0.0, 0.0, 0.0, 0.0, 0.0, 0.0, 3.5002234574831987e-06
1492028608618829858,107928,1492028608,599900961,-0.108467884442,0.781416656649,0.0,0.0,0.0,0.467283401894,0.88410758526,329.77844646659656, 1.9454571783726207, 0.0, 0.0, 0.0, -148.38982224418447, 1.9454571783759944, 206.90374235748592, 0.0, 0.0, 0.0, -6.254678702331519, 0.0, 0.0, 9.983121117386818e-07, 3.6025625090372945e-20, -2.073408830609251e-18, 0.0, 0.0, 0.0, 3.6025625090372945e-20, 9.966355522464416e-07, 4.4254060391847433e-29, 0.0, 0.0, 0.0, -2.073408830609251e-18, 4.425374742823147e-29, 9.966355522464416e-07, 0.0, -148.3898222441781, -6.254678702331333, 0.0, 0.0, 0.0, 215.85663710224887,8.13481692177e-05,-8.30084634626e-07,0.0,0.0,0.0,0.0,3.301880595669248e-06, 0.0, 0.0, 0.0, 0.0, 0.0, 0.0, 3.301880595669248e-06, 0.0, 0.0, 0.0, 0.0, 0.0, 0.0, 9.974724248596166e-07, -4.033114223382381e-27, -2.8534134006057654e-27, 0.0, 0.0, 0.0, -4.033114223382381e-27, 9.90039784247814e-07, 2.927368129338514e-35, 0.0, 0.0, 0.0, -2.853413400605766e-27, -2.927368129339494e-35, 9.90039784247814e-07, 0.0, 0.0, 0.0, 0.0, 0.0, 0.0, 3.290879742711555e-06
1492028608652264944,107929,1492028608,640178919,-0.108464369948,0.78142179497,0.0,0.0,0.0,0.467283401894,0.88410758526,329.7818683699146, 1.9450049573215393, 0.0, 0.0, 0.0, -148.39084631046316, 1.9450049573249124, 206.90571566087328, 0.0, 0.0, 0.0, -6.253977711499793, 0.0, 0.0, 9.983771954837702e-07, 9.59461173229751e-21, -1.0471864484507812e-17, 0.0, 0.0, 0.0, 9.594611732297509e-21, 9.967648656052091e-07, 6.191400742458989e-29, 0.0, 0.0, 0.0, -1.0471864484507815e-17, 6.191344168266872e-29, 9.967648656052091e-07, 0.0, -148.3908463104568, -6.253977711499607, 0.0, 0.0, 0.0, 215.8590537810978,0.000178337081404,-5.4630888094e-07,0.0,0.0,0.0,0.0,3.4347696630778558e-06, 0.0, 0.0, 0.0, 0.0, 0.0, 0.0, 3.4347696630778558e-06, 0.0, 0.0, 0.0, 0.0, 0.0, 0.0, 9.97569729169118e-07, -2.0644270270735923e-26, -1.4101744993682942e-26, 0.0, 0.0, 0.0, -2.064427027073593e-26, 9.904177886369768e-07, -6.387860174611353e-34, 0.0, 0.0, 0.0, -1.4101744993682944e-26, 6.387860174611025e-34, 9.904177886369768e-07, 0.0, 0.0, 0.0, 0.0, 0.0, 0.0, 3.4233177192993613e-06
1492028608685244259,107930,1492028608,640178919,-0.108464369948,0.78142179497,0.0,0.0,0.0,0.467283401894,0.88410758526,329.7818683699146, 1.9450049573215393, 0.0, 0.0, 0.0, -148.39084631046316, 1.9450049573249124, 206.90571566087328, 0.0, 0.0, 0.0, -6.253977711499793, 0.0, 0.0, 9.983771954837702e-07, 9.59461173229751e-21, -1.0471864484507812e-17, 0.0, 0.0, 0.0, 9.594611732297509e-21, 9.967648656052091e-07, 6.191400742458989e-29, 0.0, 0.0, 0.0, -1.0471864484507815e-17, 6.191344168266872e-29, 9.967648656052091e-07, 0.0, -148.3908463104568, -6.253977711499607, 0.0, 0.0, 0.0, 215.8590537810978,0.000178337081404,-5.4630888094e-07,0.0,0.0,0.0,0.0,3.4347696630778558e-06, 0.0, 0.0, 0.0, 0.0, 0.0, 0.0, 3.4347696630778558e-06, 0.0, 0.0, 0.0, 0.0, 0.0, 0.0, 9.97569729169118e-07, -2.0644270270735923e-26, -1.4101744993682942e-26, 0.0, 0.0, 0.0, -2.064427027073593e-26, 9.904177886369768e-07, -6.387860174611353e-34, 0.0, 0.0, 0.0, -1.4101744993682944e-26, 6.387860174611025e-34, 9.904177886369768e-07, 0.0, 0.0, 0.0, 0.0, 0.0, 0.0, 3.4233177192993613e-06
1492028608718931914,107931,1492028608,680217981,-0.108461527856,0.781425896592,0.0,0.0,0.0,0.467283401894,0.88410758526,329.7852249048095, 1.9445649804906637, 0.0, 0.0, 0.0, -148.39183152310062, 1.9445649804940368, 206.907678150955, 0.0, 0.0, 0.0, -6.253296172558819, 0.0, 0.0, 9.983348681197729e-07, -7.292456644016136e-20, -5.342678871298545e-18, 0.0, 0.0, 0.0, -7.292456644016137e-20, 9.966807630091995e-07, -2.3412508989192e-28, 0.0, 0.0, 0.0, -5.342678871298545e-18, -2.3384126800342806e-28, 9.966807630091995e-07, 0.0, -148.39183152309425, -6.253296172558633, 0.0, 0.0, 0.0, 215.861456126221,7.36799460619e-05,-6.04950521332e-07,0.0,0.0,0.0,0.0,3.347172467545758e-06, 0.0, 0.0, 0.0, 0.0, 0.0, 0.0, 3.347172467545758e-06, 0.0, 0.0, 0.0, 0.0, 0.0, 0.0, 9.975064457937664e-07, -1.0626811611318354e-26, -7.034220810368999e-27, 0.0, 0.0, 0.0, -1.0626811611318352e-26, 9.901719128705678e-07, -2.5315408942118357e-33, 0.0, 0.0, 0.0, -7.034220810369e-27, 2.5315408942118795e-33, 9.901719128705678e-07, 0.0, 0.0, 0.0, 0.0, 0.0, 0.0, 3.3360227715112153e-06
1492028608752368032,107932,1492028608,720658064,-0.108458639976,0.781430160486,0.0,0.0,0.0,0.467283401894,0.88410758526,329.78837906030486, 1.9442048432075767, 0.0, 0.0, 0.0, -148.39265495966342, 1.944204843210949, 206.90966782099983, 0.0, 0.0, 0.0, -6.2527375913090815, 0.0, 0.0, 9.983976537130515e-07, 4.35447949441094e-20, -9.179548405044375e-18, 0.0, 0.0, 0.0, 4.354479494410942e-20, 9.96805517657282e-07, 2.493945726776889e-28, 0.0, 0.0, 0.0, -9.179548405044377e-18, 2.495257706366192e-28, 9.96805517657282e-07, 0.0, -148.39265495965705, -6.252737591308895, 0.0, 0.0, 0.0, 215.86388253256482,0.000182098930159,4.00095484636e-07,0.0,0.0,0.0,0.0,3.478711436093285e-06, 0.0, 0.0, 0.0, 0.0, 0.0, 0.0, 3.478711436093285e-06, 0.0, 0.0, 0.0, 0.0, 0.0, 0.0, 9.976003172290066e-07, -1.8016863529287124e-26, -1.2408394401061759e-26, 0.0, 0.0, 0.0, -1.8016863529287118e-26, 9.90536614603142e-07, -6.638232194426006e-34, 0.0, 0.0, 0.0, -1.2408394401061756e-26, 6.638232194428852e-34, 9.90536614603142e-07, 0.0, 0.0, 0.0, 0.0, 0.0, 0.0, 3.4670769132763612e-06
1492028608785608631,107933,1492028608,760457993,-0.108453969669,0.781437031963,0.0,0.0,0.0,0.467283401894,0.88410758526,329.792327138853, 1.9435799848969637, 0.0, 0.0, 0.0, -148.3940791317474, 1.9435799849003361, 206.91160171322764, 0.0, 0.0, 0.0, -6.2517686181317025, 0.0, 0.0, 9.983501944872527e-07, 6.160806544192213e-20, -1.1047522602877242e-17, 0.0, 0.0, 0.0, 6.160806544192209e-20, 9.967112143924913e-07, 4.125431917917049e-28, 0.0, 0.0, 0.0, -1.1047522602877242e-17, 4.125436431815357e-28, 9.967112143924913e-07, 0.0, -148.39407913174102, -6.251768618131516, 0.0, 0.0, 0.0, 215.86627052963328,0.00025141936146,1.26760146403e-06,0.0,0.0,0.0,0.0,3.3783758672873825e-06, 0.0, 0.0, 0.0, 0.0, 0.0, 0.0, 3.3783758672873825e-06, 0.0, 0.0, 0.0, 0.0, 0.0, 0.0, 9.975293595974804e-07, -2.1699721349120397e-26, -1.4971480342204274e-26, 0.0, 0.0, 0.0, -2.169972134912039e-26, 9.902609256475905e-07, -8.002211102544393e-34, 0.0, 0.0, 0.0, -1.4971480342204263e-26, 8.002211102543517e-34, 9.902609256475905e-07, 0.0, 0.0, 0.0, 0.0, 0.0, 0.0, 3.3671209513934534e-06
1492028608818959084,107934,1492028608,800837994,-0.108445441966,0.781449569499,0.0,0.0,0.0,0.467283401894,0.88410758526,329.79774363386525, 1.942496344632285, 0.0, 0.0, 0.0, -148.39655024156312, 1.9424963446356558, 206.91352341859744, 0.0, 0.0, 0.0, -6.250088179348008, 0.0, 0.0, 9.983081906400733e-07, 3.08960378636161e-20, -2.4268743656589956e-17, 0.0, 0.0, 0.0, 3.0896037863616095e-20, 9.966277653319443e-07, 4.431992599223928e-28, 0.0, 0.0, 0.0, -2.4268743656589938e-17, 4.431985076060082e-28, 9.966277653319443e-07, 0.0, -148.39655024155675, -6.250088179347822, 0.0, 0.0, 0.0, 215.86869333110477,0.000516787135138,1.34982780665e-06,0.0,0.0,0.0,0.0,3.294258578317174e-06, 0.0, 0.0, 0.0, 0.0, 0.0, 0.0, 3.294258578317174e-06, 0.0, 0.0, 0.0, 0.0, 0.0, 0.0, 9.974665638388624e-07, -4.783029766453158e-26, -3.269706830465164e-26, 0.0, 0.0, 0.0, -4.7830297664531565e-26, 9.900171175538714e-07, -8.290424940961591e-34, 0.0, 0.0, 0.0, -3.2697068304651635e-26, -3.0617055712088927e-33, 9.900171175538714e-07, 0.0, 0.0, 0.0, 0.0, 0.0, 0.0, 3.283315163054306e-06
1492028608852372063,107935,1492028608,840467930,-0.108434556043,0.781465585198,0.0,0.0,0.0,0.467283401894,0.88410758526,329.8046673759016, 1.9409210913577002, 0.0, 0.0, 0.0, -148.40014487323486, 1.9409210913610713, 206.91536351392588, 0.0, 0.0, 0.0, -6.247645351469937, 0.0, 0.0, 9.983347095161398e-07, -7.249952134217724e-20, -2.6449933992886868e-17, 0.0, 0.0, 0.0, -7.249952134217724e-20, 9.96680448281075e-07, -1.1515155720867562e-27, 0.0, 0.0, 0.0, -2.644993399288686e-17, -1.151515638290598e-27, 9.96680448281075e-07, 0.0, -148.4001448732285, -6.2476453514697505, 0.0, 0.0, 0.0, 215.8710711285961,0.000380138926617,7.9169811753e-07,0.0,0.0,0.0,0.0,3.3468607444428644e-06, 0.0, 0.0, 0.0, 0.0, 0.0, 0.0, 3.3468607444428644e-06, 0.0, 0.0, 0.0, 0.0, 0.0, 0.0, 9.975062087971445e-07, -5.223790084364122e-26, -3.540332074492328e-26, 0.0, 0.0, 0.0, -5.223790084364122e-26, 9.90171004691233e-07, -2.769732163464145e-33, 0.0, 0.0, 0.0, -3.540332074492327e-26, -3.1270818290816813e-33, 9.90171004691233e-07, 0.0, 0.0, 0.0, 0.0, 0.0, 0.0, 3.3357165898635785e-06
1492028608885123765,107936,1492028608,840467930,-0.108434556043,0.781465585198,0.0,0.0,0.0,0.467283401894,0.88410758526,329.8046673759016, 1.9409210913577002, 0.0, 0.0, 0.0, -148.40014487323486, 1.9409210913610713, 206.91536351392588, 0.0, 0.0, 0.0, -6.247645351469937, 0.0, 0.0, 9.983347095161398e-07, -7.249952134217724e-20, -2.6449933992886868e-17, 0.0, 0.0, 0.0, -7.249952134217724e-20, 9.96680448281075e-07, -1.1515155720867562e-27, 0.0, 0.0, 0.0, -2.644993399288686e-17, -1.151515638290598e-27, 9.96680448281075e-07, 0.0, -148.4001448732285, -6.2476453514697505, 0.0, 0.0, 0.0, 215.8710711285961,0.000380138926617,7.9169811753e-07,0.0,0.0,0.0,0.0,3.3468607444428644e-06, 0.0, 0.0, 0.0, 0.0, 0.0, 0.0, 3.3468607444428644e-06, 0.0, 0.0, 0.0, 0.0, 0.0, 0.0, 9.975062087971445e-07, -5.223790084364122e-26, -3.540332074492328e-26, 0.0, 0.0, 0.0, -5.223790084364122e-26, 9.90171004691233e-07, -2.769732163464145e-33, 0.0, 0.0, 0.0, -3.540332074492327e-26, -3.1270818290816813e-33, 9.90171004691233e-07, 0.0, 0.0, 0.0, 0.0, 0.0, 0.0, 3.3357165898635785e-06
1492028608919001415,107937,1492028608,880641937,-0.108431501149,0.781470037466,0.0,0.0,0.0,0.467283401894,0.88410758526,329.8085544012242, 1.94031908140558, 0.0, 0.0, 0.0, -148.40151100781637, 1.9403190814089506, 206.9173182272345, 0.0, 0.0, 0.0, -6.246712127142193, 0.0, 0.0, 9.98372586185036e-07, 6.661732190700153e-20, -4.2939602957451235e-20, 0.0, 0.0, 0.0, 6.661732190700151e-20, 9.967557052800321e-07, 1.7566286652134458e-30, 0.0, 0.0, 0.0, -4.293960295745121e-20, 1.758897651429177e-30, 9.967557052800321e-07, 0.0, -148.40151100781, -6.246712127142007, 0.0, 0.0, 0.0, 215.87348157041083,-5.5515394202e-05,-1.05829166776e-06,0.0,0.0,0.0,0.0,3.4249843300196126e-06, 0.0, 0.0, 0.0, 0.0, 0.0, 0.0, 3.4249843300196126e-06, 0.0, 0.0, 0.0, 0.0, 0.0, 0.0, 9.975628372100171e-07, 4.188127609178665e-30, -1.8940295262834108e-28, 0.0, 0.0, 0.0, 4.188127609178663e-30, 9.90390964997993e-07, -4.575297623434534e-34, 0.0, 0.0, 0.0, -1.8940295262834113e-28, 4.575297623419207e-34, 9.90390964997993e-07, 0.0, 0.0, 0.0, 0.0, 0.0, 0.0, 3.413552311645289e-06
1492028608952522113,107938,1492028608,920722008,-0.108432576023,0.781468450025,0.0,0.0,0.0,0.467283401894,0.88410758526,329.81016640939555, 1.9404408834363684, 0.0, 0.0, 0.0, -148.4012258774804, 1.9404408834397397, 206.91933320617835, 0.0, 0.0, 0.0, -6.246901310606357, 0.0, 0.0, 9.983727757626808e-07, -7.293931255692868e-20, 2.6816398395879893e-18, 0.0, 0.0, 0.0, -7.293931255692869e-20, 9.967560829657582e-07, 1.2020330034175255e-28, 0.0, 0.0, 0.0, 2.6816398395879897e-18, 1.2020241561768434e-28, 9.967560829657582e-07, 0.0, -148.40122587747405, -6.24690131060617, 0.0, 0.0, 0.0, 215.87588637600842,-0.000121375260899,1.60680661022e-06,0.0,0.0,0.0,0.0,3.425405636161826e-06, 0.0, 0.0, 0.0, 0.0, 0.0, 0.0, 3.425405636161826e-06, 0.0, 0.0, 0.0, 0.0, 0.0, 0.0, 9.975631209634113e-07, 5.190313407818436e-27, 3.749139666040493e-27, 0.0, 0.0, 0.0, 5.190313407818438e-27, 9.903920991220654e-07, -6.7297145144714045e-34, 0.0, 0.0, 0.0, 3.749139666040491e-27, 6.729714514471582e-34, 9.903920991220654e-07, 0.0, 0.0, 0.0, 0.0, 0.0, 0.0, 3.41398369227368e-06
1492028608985589445,107939,1492028608,960623026,-0.108439302226,0.781458592677,0.0,0.0,0.0,0.467283401894,0.88410758526,329.80950528369505, 1.941292019689441, 0.0, 0.0, 0.0, -148.39929389597478, 1.9412920196928116, 206.92140465565427, 0.0, 0.0, 0.0, -6.248220788886121, 0.0, 0.0, 9.98310071825766e-07, 8.985450968014173e-21, 2.0376768267214892e-17, 0.0, 0.0, 0.0, 8.985450968014176e-21, 9.966315014899477e-07, -1.0819833501556175e-28, 0.0, 0.0, 0.0, 2.0376768267214898e-17, -1.0849195507264574e-28, 9.966315014899477e-07, 0.0, -148.3992938959684, -6.248220788885934, 0.0, 0.0, 0.0, 215.87828043845968,-0.000341444979708,7.83999566095e-07,0.0,0.0,0.0,0.0,3.2979164789659776e-06, 0.0, 0.0, 0.0, 0.0, 0.0, 0.0, 3.2979164789659776e-06, 0.0, 0.0, 0.0, 0.0, 0.0, 0.0, 9.974693758175763e-07, 4.017807836762125e-26, 2.7365037509958835e-26, 0.0, 0.0, 0.0, 4.017807836762123e-26, 9.900280026568164e-07, 4.0112441881663466e-33, 0.0, 0.0, 0.0, 2.736503750995883e-26, -5.762804307686352e-33, 9.900280026568164e-07, 0.0, 0.0, 0.0, 0.0, 0.0, 0.0, 3.286948598416903e-06
1492028609019102497,107940,1492028609,684023,-0.108443043555,0.781453158788,0.0,0.0,0.0,0.467283401894,0.88410758526,329.8095238400777, 1.9419336293652556, 0.0, 0.0, 0.0, -148.39785043227107, 1.9419336293686265, 206.92346528409098, 0.0, 0.0, 0.0, -6.249214934305988, 0.0, 0.0, 9.983423306436206e-07, 4.882162412216225e-20, 4.740552570612564e-18, 0.0, 0.0, 0.0, 4.8821624122162263e-20, 9.966955881837234e-07, -1.3954791848216121e-28, 0.0, 0.0, 0.0, 4.7405525706125644e-18, -1.3968902896177404e-28, 9.966955881837234e-07, 0.0, -148.3978504322647, -6.249214934305802, 0.0, 0.0, 0.0, 215.88068409964157,-5.07936200532e-05,-7.2072043756e-07,0.0,0.0,0.0,0.0,3.3622611770677767e-06, 0.0, 0.0, 0.0, 0.0, 0.0, 0.0, 3.3622611770677767e-06, 0.0, 0.0, 0.0, 0.0, 0.0, 0.0, 9.97517602106425e-07, 9.398139344397294e-27, 6.266302008447691e-27, 0.0, 0.0, 0.0, 9.398139344397294e-27, 9.902151973179982e-07, -3.911929787033041e-34, 0.0, 0.0, 0.0, 6.266302008447688e-27, 3.9119297870172765e-34, 9.902151973179982e-07, 0.0, 0.0, 0.0, 0.0, 0.0, 0.0, 3.3510427985817e-06
1492028609052331340,107941,1492028609,40810108,-0.108445415848,0.78144969939,0.0,0.0,0.0,0.467283401894,0.88410758526,329.8106557493894, 1.9422149075178798, 0.0, 0.0, 0.0, -148.39721439831487, 1.9422149075212511, 206.92549685656067, 0.0, 0.0, 0.0, -6.249650909880362, 0.0, 0.0, 9.983387065701318e-07, 5.229336708738474e-20, 7.72085182668712e-18, 0.0, 0.0, 0.0, 5.229336708738476e-20, 9.966883890983611e-07, -2.4303304551544565e-28, 0.0, 0.0, 0.0, 7.720851826687123e-18, -2.430334367199656e-28, 9.966883890983611e-07, 0.0, -148.3972143983085, -6.249650909880176, 0.0, 0.0, 0.0, 215.88309166613163,-0.000174024992093,-2.67277579046e-07,0.0,0.0,0.0,0.0,3.3549288098336605e-06, 0.0, 0.0, 0.0, 0.0, 0.0, 0.0, 3.3549288098336605e-06, 0.0, 0.0, 0.0, 0.0, 0.0, 0.0, 9.975121843670312e-07, 1.5284745480795312e-26, 1.0269276164405703e-26, 0.0, 0.0, 0.0, 1.5284745480795318e-26, 9.901941964352462e-07, -1.9086905254609994e-33, 0.0, 0.0, 0.0, 1.0269276164405703e-26, 1.9086905254611307e-33, 9.901941964352462e-07, 0.0, 0.0, 0.0, 0.0, 0.0, 0.0, 3.3437505325297024e-06
1492028609085135523,107942,1492028609,40810108,-0.108445415848,0.78144969939,0.0,0.0,0.0,0.467283401894,0.88410758526,329.8106557493894, 1.9422149075178798, 0.0, 0.0, 0.0, -148.39721439831487, 1.9422149075212511, 206.92549685656067, 0.0, 0.0, 0.0, -6.249650909880362, 0.0, 0.0, 9.983387065701318e-07, 5.229336708738474e-20, 7.72085182668712e-18, 0.0, 0.0, 0.0, 5.229336708738476e-20, 9.966883890983611e-07, -2.4303304551544565e-28, 0.0, 0.0, 0.0, 7.720851826687123e-18, -2.430334367199656e-28, 9.966883890983611e-07, 0.0, -148.3972143983085, -6.249650909880176, 0.0, 0.0, 0.0, 215.88309166613163,-0.000174024992093,-2.67277579046e-07,0.0,0.0,0.0,0.0,3.3549288098336605e-06, 0.0, 0.0, 0.0, 0.0, 0.0, 0.0, 3.3549288098336605e-06, 0.0, 0.0, 0.0, 0.0, 0.0, 0.0, 9.975121843670312e-07, 1.5284745480795312e-26, 1.0269276164405703e-26, 0.0, 0.0, 0.0, 1.5284745480795318e-26, 9.901941964352462e-07, -1.9086905254609994e-33, 0.0, 0.0, 0.0, 1.0269276164405703e-26, 1.9086905254611307e-33, 9.901941964352462e-07, 0.0, 0.0, 0.0, 0.0, 0.0, 0.0, 3.3437505325297024e-06
1492028609119034315,107943,1492028609,81012964,-0.108451047713,0.781441453297,0.0,0.0,0.0,0.467283401894,0.88410758526,329.8103595240308, 1.9429531773244832, 0.0, 0.0, 0.0, -148.39553674936653, 1.9429531773278532, 206.92757330762828, 0.0, 0.0, 0.0, -6.250795589980168, 0.0, 0.0, 9.980955263080848e-07, 4.9860623901218004e-20, 1.56597129376995e-17, 0.0, 0.0, 0.0, 4.986062390121799e-20, 9.962054749622356e-07, -4.099848285832985e-28, 0.0, 0.0, 0.0, 1.5659712937699502e-17, -4.099831554316593e-28, 9.962054749622356e-07, 0.0, -148.39553674936016, -6.250795589979981, 0.0, 0.0, 0.0, 215.8855038389189,-0.000292025677738,6.36127690081e-07,0.0,0.0,0.0,0.0,2.925249410537896e-06, 0.0, 0.0, 0.0, 0.0, 0.0, 0.0, 2.925249410537896e-06, 0.0, 0.0, 0.0, 0.0, 0.0, 0.0, 9.971487100462557e-07, 3.0910336049661143e-26, 2.092895266980964e-26, 0.0, 0.0, 0.0, 3.0910336049661143e-26, 9.88785661735042e-07, -1.709527050980505e-33, 0.0, 0.0, 0.0, 2.092895266980964e-26, 1.7095270509804937e-33, 9.88785661735042e-07, 0.0, 0.0, 0.0, 0.0, 0.0, 0.0, 2.9156245644095432e-06
1492028609152450306,107944,1492028609,120966911,-0.108453982516,0.781437188337,0.0,0.0,0.0,0.467283401894,0.88410758526,329.8106832896211, 1.9434929650351795, 0.0, 0.0, 0.0, -148.3943191061053, 1.9434929650385486, 206.9296194794443, 0.0, 0.0, 0.0, -6.251632171021109, 0.0, 0.0, 9.983306931263728e-07, 7.858876084260646e-20, 2.5049899331163457e-18, 0.0, 0.0, 0.0, 7.858876084260647e-20, 9.96672468850778e-07, -1.1800339482571407e-28, 0.0, 0.0, 0.0, 2.504989933116347e-18, -1.1786034637909471e-28, 9.96672468850778e-07, 0.0, -148.39431910609895, -6.251632171020923, 0.0, 0.0, 0.0, 215.88790107705842,2.80925530809e-05,2.67438785129e-07,0.0,0.0,0.0,0.0,3.338785755916281e-06, 0.0, 0.0, 0.0, 0.0, 0.0, 0.0, 3.338785755916281e-06, 0.0, 0.0, 0.0, 0.0, 0.0, 0.0, 9.975002042657e-07, 5.04451172916366e-27, 3.212112246197152e-27, 0.0, 0.0, 0.0, 5.044511729163657e-27, 9.901476917381396e-07, -2.6296320044436578e-33, 0.0, 0.0, 0.0, 3.2121122461971506e-27, 2.6296320044436626e-33, 9.901476917381396e-07, 0.0, 0.0, 0.0, 0.0, 0.0, 0.0, 3.3276720026367903e-06
1492028609185675541,107945,1492028609,161010981,-0.108457897712,0.781431470344,0.0,0.0,0.0,0.467283401894,0.88410758526,329.811442032684, 1.9438937522819577, 0.0, 0.0, 0.0, -148.39341456844028, 1.9438937522853277, 206.93165768746624, 0.0, 0.0, 0.0, -6.252253361479451, 0.0, 0.0, 9.98338864573855e-07, 6.327696556036511e-20, 1.5872349959981713e-17, 0.0, 0.0, 0.0, 6.327696556036511e-20, 9.96688703589905e-07, -6.046185143169703e-28, 0.0, 0.0, 0.0, 1.5872349959981713e-17, -6.04620229598327e-28, 9.96688703589905e-07, 0.0, -148.3934145684339, -6.252253361479265, 0.0, 0.0, 0.0, 215.89030372257872,-0.000333845283384,-4.20762478519e-07,0.0,0.0,0.0,0.0,3.3552610471859438e-06, 0.0, 0.0, 0.0, 0.0, 0.0, 0.0, 3.3552610471859438e-06, 0.0, 0.0, 0.0, 0.0, 0.0, 0.0, 9.97512420767474e-07, 3.137709779457326e-26, 2.1208273067447686e-26, 0.0, 0.0, 0.0, 3.1377097794573264e-26, 9.90195132791695e-07, 1.0989686200845357e-33, 0.0, 0.0, 0.0, 2.1208273067447697e-26, -1.0989686200845576e-33, 9.90195132791695e-07, 0.0, 0.0, 0.0, 0.0, 0.0, 0.0, 3.344088243050008e-06
1492028609219131997,107946,1492028609,201010942,-0.10846249193,0.781424717107,0.0,0.0,0.0,0.467283401894,0.88410758526,329.81098330785267, 1.9446772829140548, 0.0, 0.0, 0.0, -148.39162599539932, 1.9446772829174255, 206.9337281092993, 0.0, 0.0, 0.0, -6.253468657700011, 0.0, 0.0, 9.98334392106068e-07, -7.412431919095759e-20, 4.831696451450021e-18, 0.0, 0.0, 0.0, -7.41243191909576e-20, 9.96679817760295e-07, 2.1495316146368096e-28, 0.0, 0.0, 0.0, 4.831696451450021e-18, 2.150951025005823e-28, 9.96679817760295e-07, 0.0, -148.39162599539296, -6.253468657699824, 0.0, 0.0, 0.0, 215.8927037216508,1.96776657079e-05,1.07406236238e-06,0.0,0.0,0.0,0.0,3.346223067115573e-06, 0.0, 0.0, 0.0, 0.0, 0.0, 0.0, 3.346223067115573e-06, 0.0, 0.0, 0.0, 0.0, 0.0, 0.0, 9.975057342927003e-07, 9.426541427278399e-27, 6.640489769604743e-27, 0.0, 0.0, 0.0, 9.426541427278399e-27, 9.901691651538884e-07, -1.3881682564872359e-33, 0.0, 0.0, 0.0, 6.640489769604745e-27, 1.3881682406246686e-33, 9.901691651538884e-07, 0.0, 0.0, 0.0, 0.0, 0.0, 0.0, 3.335082354548572e-06
1492028609252315117,107947,1492028609,241105080,-0.108461261676,0.78142651173,0.0,0.0,0.0,0.467283401894,0.88410758526,329.81348419151516, 1.9445184899977561, 0.0, 0.0, 0.0, -148.39198691747777, 1.9445184900011274, 206.93571857830756, 0.0, 0.0, 0.0, -6.253222421882288, 0.0, 0.0, 9.983350664639612e-07, -3.9330777786663225e-20, -3.242126541445914e-18, 0.0, 0.0, 0.0, -3.933077778666323e-20, 9.96681157378644e-07, -7.651781058067464e-29, 0.0, 0.0, 0.0, -3.2421265414459127e-18, -7.665979976582459e-29, 9.96681157378644e-07, 0.0, -148.3919869174714, -6.253222421882102, 0.0, 0.0, 0.0, 215.8951093712519,5.10700752034e-05,1.22663355325e-07,0.0,0.0,0.0,0.0,3.3475789292326453e-06, 0.0, 0.0, 0.0, 0.0, 0.0, 0.0, 3.3475789292326453e-06, 0.0, 0.0, 0.0, 0.0, 0.0, 0.0, 9.975067424192244e-07, -6.443664530732549e-27, -4.279343543837361e-27, 0.0, 0.0, 0.0, -6.443664530732547e-27, 9.901730745752527e-07, 9.362372359990154e-34, 0.0, 0.0, 0.0, -4.2793435438373595e-27, -9.362372359990592e-34, 9.901730745752527e-07, 0.0, 0.0, 0.0, 0.0, 0.0, 0.0, 3.3364313308162974e-06
1492028609285108284,107948,1492028609,241105080,-0.108461261676,0.78142651173,0.0,0.0,0.0,0.467283401894,0.88410758526,329.81348419151516, 1.9445184899977561, 0.0, 0.0, 0.0, -148.39198691747777, 1.9445184900011274, 206.93571857830756, 0.0, 0.0, 0.0, -6.253222421882288, 0.0, 0.0, 9.983350664639612e-07, -3.9330777786663225e-20, -3.242126541445914e-18, 0.0, 0.0, 0.0, -3.933077778666323e-20, 9.96681157378644e-07, -7.651781058067464e-29, 0.0, 0.0, 0.0, -3.2421265414459127e-18, -7.665979976582459e-29, 9.96681157378644e-07, 0.0, -148.3919869174714, -6.253222421882102, 0.0, 0.0, 0.0, 215.8951093712519,5.10700752034e-05,1.22663355325e-07,0.0,0.0,0.0,0.0,3.3475789292326453e-06, 0.0, 0.0, 0.0, 0.0, 0.0, 0.0, 3.3475789292326453e-06, 0.0, 0.0, 0.0, 0.0, 0.0, 0.0, 9.975067424192244e-07, -6.443664530732549e-27, -4.279343543837361e-27, 0.0, 0.0, 0.0, -6.443664530732547e-27, 9.901730745752527e-07, 9.362372359990154e-34, 0.0, 0.0, 0.0, -4.2793435438373595e-27, -9.362372359990592e-34, 9.901730745752527e-07, 0.0, 0.0, 0.0, 0.0, 0.0, 0.0, 3.3364313308162974e-06
1492028609319014514,107949,1492028609,281095982,-0.10846035258,0.781427831923,0.0,0.0,0.0,0.467283401894,0.88410758526,329.8157510756202, 1.9444331071204417, 0.0, 0.0, 0.0, -148.3921813738205, 1.9444331071238132, 206.93771047917684, 0.0, 0.0, 0.0, -6.2530900041672135, 0.0, 0.0, 9.983306927818552e-07, -4.3354133926576276e-20, 7.898491994086684e-19, 0.0, 0.0, 0.0, -4.3354133926576294e-20, 9.966724661310834e-07, 2.0585242025272206e-29, 0.0, 0.0, 0.0, 7.898491994086685e-19, 2.0441874596505804e-29, 9.966724661310834e-07, 0.0, -148.39218137381414, -6.253090004167027, 0.0, 0.0, 0.0, 215.89750882673098,0.000152350067848,-1.42866870949e-06,0.0,0.0,0.0,0.0,3.338744027681974e-06, 0.0, 0.0, 0.0, 0.0, 0.0, 0.0, 3.338744027681974e-06, 0.0, 0.0, 0.0, 0.0, 0.0, 0.0, 9.975002031106295e-07, 1.4961821508173266e-27, 1.1449975106762632e-27, 0.0, 0.0, 0.0, 1.4961821508173267e-27, 9.90147622126035e-07, 1.981138142900275e-33, 0.0, 0.0, 0.0, 1.1449975106762628e-27, -1.981138142900275e-33, 9.90147622126035e-07, 0.0, 0.0, 0.0, 0.0, 0.0, 0.0, 3.3276078549865715e-06
1492028609352335713,107950,1492028609,321222067,-0.108440550243,0.781456856057,0.0,0.0,0.0,0.467329028441,0.884083468444,329.82443421627005, 1.942292998240416, 0.0, 0.0, 0.0, -148.39703840849117, 1.942292998243788, 206.93952464774978, 0.0, 0.0, 0.0, -6.249771753907274, 0.0, 0.0, 9.98352682645703e-07, 2.3589452487858973e-20, -7.078042357592687e-17, 0.0, 0.0, 0.0, 2.3589452487858967e-20, 9.967161596446084e-07, 1.0135003026358073e-27, 0.0, 0.0, 0.0, -7.078042357592688e-17, 1.013640299687171e-27, 9.967161596446084e-07, 0.0, -148.3970384084848, -6.249771753907088, 0.0, 0.0, 0.0, 215.8999163932153,0.00170370794924,1.53300258467e-06,0.0,0.0,0.0,0.0211708719602,3.3834925292686215e-06, 0.0, 0.0, 0.0, 0.0, 0.0, 0.0, 3.3834925292686215e-06, 0.0, 0.0, 0.0, 0.0, 0.0, 0.0, 9.975330795484094e-07, -1.395180149487073e-25, -9.518094442977511e-26, 0.0, 0.0, 0.0, -1.3951801494870734e-25, 9.90275373065061e-07, -1.3736915736290087e-32, 0.0, 0.0, 0.0, -9.518094442977514e-26, -1.381730701496405e-32, 9.90275373065061e-07, 0.0, 0.0, 0.0, 0.0, 0.0, 0.0, 3.3722182445160326e-06
1492028609385624478,107951,1492028609,361526966,-0.108416500669,0.781492247698,0.0,0.0,0.0,0.468218867781,0.883612523595,329.8403823616743, 1.9378502119065628, 0.0, 0.0, 0.0, -148.40717342685966, 1.9378502119099352, 206.94114123750023, 0.0, 0.0, 0.0, -6.24288164273747, 0.0, 0.0, 9.982245299569454e-07, -5.7117078713661224e-21, -3.554089103881909e-17, 0.0, 0.0, 0.0, -5.711707871366112e-21, 9.964616118461771e-07, -1.1457854369826563e-28, 0.0, 0.0, 0.0, -3.554089103881907e-17, -1.1409242694324014e-28, 9.964616118461771e-07, 0.0, -148.4071734268533, -6.242881642737283, 0.0, 0.0, 0.0, 215.9023346885844,-0.000972841674868,-5.28870633525e-07,0.0,0.0,0.0,0.124498972507,3.138543214591831e-06, 0.0, 0.0, 0.0, 0.0, 0.0, 0.0, 3.138543214591831e-06, 0.0, 0.0, 0.0, 0.0, 0.0, 0.0, 9.973415062487778e-07, -7.014645276292585e-26, -4.766389244295195e-26, 0.0, 0.0, 0.0, -7.014645276292584e-26, 9.895320576883103e-07, -2.694078491074058e-33, 0.0, 0.0, 0.0, -4.7663892442951936e-26, -3.521708652180226e-33, 9.895320576883103e-07, 0.0, 0.0, 0.0, 0.0, 0.0, 0.0, 3.128156370810227e-06
1492028609419129440,107952,1492028609,401261091,-0.108531616784,0.781320989287,0.0,0.0,0.0,0.471296877395,0.881974633058,329.80131648125865, 1.950757592603175, 0.0, 0.0, 0.0, -148.3773086349509, 1.950757592606546, 206.94428863530126, 0.0, 0.0, 0.0, -6.262919695083042, 0.0, 0.0, 9.983167452660206e-07, -4.898347700846755e-19, 4.0294426049568634e-16, 0.0, 0.0, 0.0, -4.898347700846754e-19, 9.966448011539327e-07, 1.172588269629107e-25, 0.0, 0.0, 0.0, 4.0294426049568644e-16, 1.1725839197959569e-25, 9.966448011539325e-07, 0.0, -148.37730863494454, -6.2629196950828545, 0.0, 0.0, 0.0, 215.90471873741,-0.00881453500631,-2.40830935369e-05,0.0,0.0,0.0,0.281729214637,3.31102736113573e-06, 0.0, 0.0, 0.0, 0.0, 0.0, 0.0, 3.31102736113573e-06, 0.0, 0.0, 0.0, 0.0, 0.0, 0.0, 9.974793522615522e-07, 7.9717886652420745e-25, 5.369317429035254e-25, 0.0, 0.0, 0.0, 7.971788665242072e-25, 9.900667223073955e-07, -4.10702722529891e-31, 0.0, 0.0, 0.0, 5.369317429035252e-25, -4.130798058151312e-31, 9.900667223073955e-07, 0.0, 0.0, 0.0, 0.0, 0.0, 0.0, 3.300009631606164e-06
1492028609452424473,107953,1492028609,442225933,-0.108761563738,0.780970518912,0.0,0.0,0.0,0.477721062777,0.8785115743,329.7027829536071, 1.9816098138476759, 0.0, 0.0, 0.0, -148.30411165540684, 1.981609813851045, 206.9491327067772, 0.0, 0.0, 0.0, -6.310926436337669, 0.0, 0.0, 9.98466345131198e-07, -9.945128306352025e-19, 5.694317412981741e-16, 0.0, 0.0, 0.0, -9.945128306352006e-19, 9.96942120443177e-07, 3.6925895303172785e-25, 0.0, 0.0, 0.0, 5.694317412981743e-16, 3.6925544853136014e-25, 9.969421204431768e-07, 0.0, -148.30411165540048, -6.310926436337485, 0.0, 0.0, 0.0, 215.90717662934804,-0.0117354124951,-5.69242970602e-05,0.0,0.0,0.0,0.452585443844,3.635061091584374e-06, 0.0, 0.0, 0.0, 0.0, 0.0, 0.0, 3.635061091584374e-06, 0.0, 0.0, 0.0, 0.0, 0.0, 0.0, 9.977030333923926e-07, 1.1378828168111432e-24, 7.471983730196481e-25, 0.0, 0.0, 0.0, 1.1378828168111441e-24, 9.90936284293223e-07, -9.020199022405267e-31, 0.0, 0.0, 0.0, 7.471983730196486e-25, -9.021160511296e-31, 9.90936284293223e-07, 0.0, 0.0, 0.0, 0.0, 0.0, 0.0, 3.622903870462995e-06
1492028609485142067,107954,1492028609,442225933,-0.108761563738,0.780970518912,0.0,0.0,0.0,0.477721062777,0.8785115743,329.7027829536071, 1.9816098138476759, 0.0, 0.0, 0.0, -148.30411165540684, 1.981609813851045, 206.9491327067772, 0.0, 0.0, 0.0, -6.310926436337669, 0.0, 0.0, 9.98466345131198e-07, -9.945128306352025e-19, 5.694317412981741e-16, 0.0, 0.0, 0.0, -9.945128306352006e-19, 9.96942120443177e-07, 3.6925895303172785e-25, 0.0, 0.0, 0.0, 5.694317412981743e-16, 3.6925544853136014e-25, 9.969421204431768e-07, 0.0, -148.30411165540048, -6.310926436337485, 0.0, 0.0, 0.0, 215.90717662934804,-0.0117354124951,-5.69242970602e-05,0.0,0.0,0.0,0.452585443844,3.635061091584374e-06, 0.0, 0.0, 0.0, 0.0, 0.0, 0.0, 3.635061091584374e-06, 0.0, 0.0, 0.0, 0.0, 0.0, 0.0, 9.977030333923926e-07, 1.1378828168111432e-24, 7.471983730196481e-25, 0.0, 0.0, 0.0, 1.1378828168111441e-24, 9.90936284293223e-07, -9.020199022405267e-31, 0.0, 0.0, 0.0, 7.471983730196486e-25, -9.021160511296e-31, 9.90936284293223e-07, 0.0, 0.0, 0.0, 0.0, 0.0, 0.0, 3.622903870462995e-06
1492028609519048051,107955,1492028609,481440067,-0.109102124589,0.780429266594,0.0,0.0,0.0,0.487783781877,0.872964479311,329.55365321369584, 2.0257519636061985, 0.0, 0.0, 0.0, -148.194088510198, 2.0257519636095647, 206.95514902817834, 0.0, 0.0, 0.0, -6.379923773614163, 0.0, 0.0, 9.983402055286677e-07, -3.2524413334462824e-18, 1.0010157609103262e-15, 0.0, 0.0, 0.0, -3.2524413334462793e-18, 9.966914928897674e-07, 1.9615325765783036e-24, 0.0, 0.0, 0.0, 1.0010157609103262e-15, 1.9615103650389036e-24, 9.96691492889767e-07, 0.0, -148.19408851019162, -6.379923773613978, 0.0, 0.0, 0.0, 215.909529478707,-0.019480825992,-0.000144115780249,0.0,0.0,0.0,0.732661756856,3.35797441081412e-06, 0.0, 0.0, 0.0, 0.0, 0.0, 0.0, 3.35797441081412e-06, 0.0, 0.0, 0.0, 0.0, 0.0, 0.0, 9.975144254603106e-07, 2.021312243229039e-24, 1.271796083868688e-24, 0.0, 0.0, 0.0, 2.0213122432290403e-24, 9.902029097979977e-07, -2.516170699245796e-30, 0.0, 0.0, 0.0, 1.2717960838686889e-24, -2.514483287421679e-30, 9.902029097979977e-07, 0.0, 0.0, 0.0, 0.0, 0.0, 0.0, 3.346788712032917e-06
1492028609552278985,107956,1492028609,521511078,-0.10955154006,0.779665906915,0.0,0.0,0.0,0.502127090164,0.864793839781,329.33475278064583, 2.0858337978964547, 0.0, 0.0, 0.0, -148.03307865742678, 2.0858337978998187, 206.96278292815256, 0.0, 0.0, 0.0, -6.474494040596587, 0.0, 0.0, 9.983333993524595e-07, -6.073604997024452e-18, 1.3275268471775857e-15, 0.0, 0.0, 0.0, -6.073604997024444e-18, 9.966780190711297e-07, 4.837916566067089e-24, 0.0, 0.0, 0.0, 1.3275268471775855e-15, 4.837924267866955e-24, 9.966780190711289e-07, 0.0, -148.03307865742042, -6.474494040596402, 0.0, 0.0, 0.0, 215.91193374071094,-0.0240840416357,-0.000233985873156,0.0,0.0,0.0,0.977927115231,3.344221663349877e-06, 0.0, 0.0, 0.0, 0.0, 0.0, 0.0, 3.344221663349877e-06, 0.0, 0.0, 0.0, 0.0, 0.0, 0.0, 9.975042500772809e-07, 2.7293405338259574e-24, 1.6073715970580558e-24, 0.0, 0.0, 0.0, 2.7293405338259567e-24, 9.901633986167777e-07, -4.272580668059884e-30, 0.0, 0.0, 0.0, 1.6073715970580556e-24, -4.2765015811468466e-30, 9.901633986167777e-07, 0.0, 0.0, 0.0, 0.0, 0.0, 0.0, 3.3330870562844133e-06
1492028609585732428,107957,1492028609,561573982,-0.109983118997,0.778859227008,0.0,0.0,0.0,0.520345907038,0.853955582585,329.0936088958372, 2.145832576389169, 0.0, 0.0, 0.0, -147.85565193328986, 2.145832576392528, 206.97054880186298, 0.0, 0.0, 0.0, -6.569879320909852, 0.0, 0.0, 9.983271778013798e-07, -7.568956822365925e-18, 1.2424901081091114e-15, 0.0, 0.0, 0.0, -7.568956822365922e-18, 9.966657072490499e-07, 5.62184386122512e-24, 0.0, 0.0, 0.0, 1.2424901081091118e-15, 5.621854350471543e-24, 9.966657072490488e-07, 0.0, -147.8556519332835, -6.569879320909665, 0.0, 0.0, 0.0, 215.9143375163401,-0.0210912379049,-0.000249976484562,0.0,0.0,0.0,1.1935286437,3.3317411888090483e-06, 0.0, 0.0, 0.0, 0.0, 0.0, 0.0, 3.3317411888090483e-06, 0.0, 0.0, 0.0, 0.0, 0.0, 0.0, 9.974949487400208e-07, 2.6104669909061488e-24, 1.4042239932359138e-24, 0.0, 0.0, 0.0, 2.6104669909061488e-24, 9.90127275061173e-07, -3.5601276210725634e-30, 0.0, 0.0, 0.0, 1.4042239932359138e-24, -3.560994987734523e-30, 9.90127275061173e-07, 0.0, 0.0, 0.0, 0.0, 0.0, 0.0, 3.3206491168008776e-06
1492028609619107318,107958,1492028609,601737022,-0.11034605627,0.778098675718,0.0,0.0,0.0,0.541641889248,0.840609340783,328.87102129242265, 2.1944139820659125, 0.0, 0.0, 0.0, -147.69157103369477, 2.194413982069267, 206.97735174467337, 0.0, 0.0, 0.0, -6.648201032860115, 0.0, 0.0, 9.983671885680324e-07, -8.732896815537282e-18, 1.169946730415326e-15, 0.0, 0.0, 0.0, -8.732896815537287e-18, 9.967452384921208e-07, 6.257337936377511e-24, 0.0, 0.0, 0.0, 1.169946730415326e-15, 6.2573464250702224e-24, 9.9674523849212e-07, 0.0, -147.6915710336884, -6.648201032859926, 0.0, 0.0, 0.0, 215.91674730011815,-0.0216927728837,-0.000289653847261,0.0,0.0,0.0,1.31793747804,3.4136446770169385e-06, 0.0, 0.0, 0.0, 0.0, 0.0, 0.0, 3.4136446770169385e-06, 0.0, 0.0, 0.0, 0.0, 0.0, 0.0, 9.975547673327214e-07, 2.518370186821396e-24, 1.2062424936477037e-24, 0.0, 0.0, 0.0, 2.5183701868213967e-24, 9.90359632777635e-07, -3.0223932067173633e-30, 0.0, 0.0, 0.0, 1.2062424936477037e-24, -3.0206010016261318e-30, 9.90359632777635e-07, 0.0, 0.0, 0.0, 0.0, 0.0, 0.0, 3.402262617057285e-06
1492028609652602329,107959,1492028609,641787052,-0.110713507536,0.77721780348,0.0,0.0,0.0,0.564434274209,0.825478013092,328.61840309925304, 2.2411775530286753, 0.0, 0.0, 0.0, -147.50533224023826, 2.241177553032029, 206.9841138832009, 0.0, 0.0, 0.0, -6.72504729279241, 0.0, 0.0, 9.982955680154919e-07, -1.2791557573177947e-17, 1.3963264627762198e-15, 0.0, 0.0, 0.0, -1.2791557573177938e-17, 9.966029809658072e-07, 1.0479317107484345e-23, 0.0, 0.0, 0.0, 1.3963264627762194e-15, 1.0479293990095833e-23, 9.966029809658062e-07, 0.0, -147.5053322402319, -6.725047292792218, 0.0, 0.0, 0.0, 215.91915030328332,-0.0264299988051,-0.000381551492413,0.0,0.0,0.0,1.47565149182,3.269760499328962e-06, 0.0, 0.0, 0.0, 0.0, 0.0, 0.0, 3.269760499328962e-06, 0.0, 0.0, 0.0, 0.0, 0.0, 0.0, 9.974476936089981e-07, 3.0759135137924384e-24, 1.278312724507315e-24, 0.0, 0.0, 0.0, 3.0759135137924384e-24, 9.899438440790545e-07, -3.7455453989740915e-30, 0.0, 0.0, 0.0, 1.278312724507315e-24, -3.746858644121077e-30, 9.899438440790545e-07, 0.0, 0.0, 0.0, 0.0, 0.0, 0.0, 3.258891222128435e-06
1492028609685177935,107960,1492028609,641787052,-0.110713507536,0.77721780348,0.0,0.0,0.0,0.564434274209,0.825478013092,328.61840309925304, 2.2411775530286753, 0.0, 0.0, 0.0, -147.50533224023826, 2.241177553032029, 206.9841138832009, 0.0, 0.0, 0.0, -6.72504729279241, 0.0, 0.0, 9.982955680154919e-07, -1.2791557573177947e-17, 1.3963264627762198e-15, 0.0, 0.0, 0.0, -1.2791557573177938e-17, 9.966029809658072e-07, 1.0479317107484345e-23, 0.0, 0.0, 0.0, 1.3963264627762194e-15, 1.0479293990095833e-23, 9.966029809658062e-07, 0.0, -147.5053322402319, -6.725047292792218, 0.0, 0.0, 0.0, 215.91915030328332,-0.0264299988051,-0.000381551492413,0.0,0.0,0.0,1.47565149182,3.269760499328962e-06, 0.0, 0.0, 0.0, 0.0, 0.0, 0.0, 3.269760499328962e-06, 0.0, 0.0, 0.0, 0.0, 0.0, 0.0, 9.974476936089981e-07, 3.0759135137924384e-24, 1.278312724507315e-24, 0.0, 0.0, 0.0, 3.0759135137924384e-24, 9.899438440790545e-07, -3.7455453989740915e-30, 0.0, 0.0, 0.0, 1.278312724507315e-24, -3.746858644121077e-30, 9.899438440790545e-07, 0.0, 0.0, 0.0, 0.0, 0.0, 0.0, 3.258891222128435e-06
1492028609719093135,107961,1492028609,682073116,-0.111027919905,0.77629363884,0.0,0.0,0.0,0.588672476435,0.808371644411,328.34007992388644, 2.283579856961254, 0.0, 0.0, 0.0, -147.30000867341215, 2.2835798569646046, 206.990607634173, 0.0, 0.0, 0.0, -6.796576928291822, 0.0, 0.0, 9.983944153941871e-07, -1.2644389276262746e-17, 1.2772285358738501e-15, 0.0, 0.0, 0.0, -1.2644389276262745e-17, 9.967993860405153e-07, 1.0058542647688434e-23, 0.0, 0.0, 0.0, 1.2772285358738495e-15, 1.0058544700693643e-23, 9.967993860405142e-07, 0.0, -147.30000867340576, -6.796576928291628, 0.0, 0.0, 0.0, 215.9215674685007,-0.0208244375795,-0.000310231068487,0.0,0.0,0.0,1.43910162673,3.4717137420545695e-06, 0.0, 0.0, 0.0, 0.0, 0.0, 0.0, 3.4717137420545695e-06, 0.0, 0.0, 0.0, 0.0, 0.0, 0.0, 9.97595475872857e-07, 2.8778123875502996e-24, 1.0087465837493417e-24, 0.0, 0.0, 0.0, 2.8778123875503e-24, 9.9051785431724e-07, -2.9390444711921577e-30, 0.0, 0.0, 0.0, 1.0087465837493417e-24, -2.9384965225496513e-30, 9.9051785431724e-07, 0.0, 0.0, 0.0, 0.0, 0.0, 0.0, 3.4601261795251764e-06
1492028609752305347,107962,1492028609,722394943,-0.11120556068,0.775626584487,0.0,0.0,0.0,0.612708344222,0.790309107198,328.1353941511677, 2.3081218876961547, 0.0, 0.0, 0.0, -147.14843181886374, 2.308121887699504, 206.9953401898105, 0.0, 0.0, 0.0, -6.839590480420321, 0.0, 0.0, 9.984205707847355e-07, -9.022141478254667e-18, 8.240552697947197e-16, 0.0, 0.0, 0.0, -9.022141478254668e-18, 9.968513671338147e-07, 4.707266465019939e-24, 0.0, 0.0, 0.0, 8.240552697947195e-16, 4.707267553748136e-24, 9.96851367133814e-07, 0.0, -147.14843181885735, -6.839590480420129, 0.0, 0.0, 0.0, 215.92398677950425,-0.0131908545019,-0.000197926354629,0.0,0.0,0.0,1.43150981338,3.529394854710575e-06, 0.0, 0.0, 0.0, 0.0, 0.0, 0.0, 3.529394854710575e-06, 0.0, 0.0, 0.0, 0.0, 0.0, 0.0, 9.976345846789715e-07, 1.893184358448946e-24, 5.409655546896582e-25, 0.0, 0.0, 0.0, 1.893184358448947e-24, 9.906699454976632e-07, -1.0516783211983238e-30, 0.0, 0.0, 0.0, 5.409655546896582e-25, -1.0529245973507554e-30, 9.906699454976632e-07, 0.0, 0.0, 0.0, 0.0, 0.0, 0.0, 3.5176093891885593e-06
1492028609785626357,107963,1492028609,761909962,-0.111324038214,0.775090354745,0.0,0.0,0.0,0.635958301829,0.77172342088,327.9809981980433, 2.321490669845959, 0.0, 0.0, 0.0, -147.0336575019184, 2.3214906698493043, 206.99890083990053, 0.0, 0.0, 0.0, -6.864562050505462, 0.0, 0.0, 9.983343920746345e-07, -9.52056040650755e-18, 7.955629100331418e-16, 0.0, 0.0, 0.0, -9.520560406507549e-18, 9.96680142570684e-07, 4.547453479469209e-24, 0.0, 0.0, 0.0, 7.955629100331416e-16, 4.547447141808532e-24, 9.966801425706839e-07, 0.0, -147.03365750191202, -6.8645620505052705, 0.0, 0.0, 0.0, 215.92635768194026,-0.0145055388225,-0.000218358187845,0.0,0.0,0.0,1.50865333249,3.346219002322613e-06, 0.0, 0.0, 0.0, 0.0, 0.0, 0.0, 3.346219002322613e-06, 0.0, 0.0, 0.0, 0.0, 0.0, 0.0, 9.975057341871143e-07, 1.8529419665704246e-24, 4.125873957813812e-25, 0.0, 0.0, 0.0, 1.8529419665704246e-24, 9.90169158785539e-07, -7.445543771428231e-31, 0.0, 0.0, 0.0, 4.1258739578138103e-25, -7.459022934951366e-31, 9.90169158785539e-07, 0.0, 0.0, 0.0, 0.0, 0.0, 0.0, 3.3350761081648345e-06
1492028609819113033,107964,1492028609,801964998,-0.111436062489,0.77441453598,0.0,0.0,0.0,0.658867411979,0.75225908664,327.78948501639866, 2.3319098723245806, 0.0, 0.0, 0.0, -146.89149416195093, 2.3319098723279255, 207.0023020868491, 0.0, 0.0, 0.0, -6.886521650177713, 0.0, 0.0, 9.98334233338924e-07, -1.3012901774393878e-17, 1.0115754243147723e-15, 0.0, 0.0, 0.0, -1.3012901774393881e-17, 9.96679828321051e-07, 7.902457854220289e-24, 0.0, 0.0, 0.0, 1.0115754243147723e-15, 7.902456073216573e-24, 9.966798283210505e-07, 0.0, -146.8914941619445, -6.886521650177521, 0.0, 0.0, 0.0, 215.92876098549846,-0.0187854863348,-0.000282423651998,0.0,0.0,0.0,1.50385452699,3.3459020486313396e-06, 0.0, 0.0, 0.0, 0.0, 0.0, 0.0, 3.3459020486313396e-06, 0.0, 0.0, 0.0, 0.0, 0.0, 0.0, 9.975054969163592e-07, 2.3833084722521187e-24, 3.840190581308795e-25, 0.0, 0.0, 0.0, 2.3833084722521184e-24, 9.901682417250186e-07, -8.923341342369304e-31, 0.0, 0.0, 0.0, 3.840190581308794e-25, -8.918205804027823e-31, 9.901682417250186e-07, 0.0, 0.0, 0.0, 0.0, 0.0, 0.0, 3.3347618871837606e-06
1492028609852569629,107965,1492028609,842061996,-0.111506286509,0.773652242492,0.0,0.0,0.0,0.681099504692,0.73219086631,327.56630667754087, 2.337316208836115, 0.0, 0.0, 0.0, -146.72589179033216, 2.3373162088394555, 207.00531135948978, 0.0, 0.0, 0.0, -6.90225037712768, 0.0, 0.0, 9.98318243646874e-07, -1.430748374129521e-17, 1.0417071355876405e-15, 0.0, 0.0, 0.0, -1.430748374129522e-17, 9.966480624984776e-07, 8.862399912413641e-24, 0.0, 0.0, 0.0, 1.0417071355876403e-15, 8.862397661501074e-24, 9.96648062498477e-07, 0.0, -146.72589179032573, -6.902250377127488, 0.0, 0.0, 0.0, 215.93116680676388,-0.0181103296721,-0.000271319587819,0.0,0.0,0.0,1.51509843932,3.313994038463546e-06, 0.0, 0.0, 0.0, 0.0, 0.0, 0.0, 3.313994038463546e-06, 0.0, 0.0, 0.0, 0.0, 0.0, 0.0, 9.974815924069912e-07, 2.4735498927095285e-24, 2.491436245337574e-25, 0.0, 0.0, 0.0, 2.4735498927095285e-24, 9.900754300410661e-07, -5.953473734438524e-31, 0.0, 0.0, 0.0, 2.4914362453375745e-25, -5.9450806708807575e-31, 9.900754300410661e-07, 0.0, 0.0, 0.0, 0.0, 0.0, 0.0, 3.3029697458956923e-06
1492028609885126541,107966,1492028609,842061996,-0.111506286509,0.773652242492,0.0,0.0,0.0,0.681099504692,0.73219086631,327.56630667754087, 2.337316208836115, 0.0, 0.0, 0.0, -146.72589179033216, 2.3373162088394555, 207.00531135948978, 0.0, 0.0, 0.0, -6.90225037712768, 0.0, 0.0, 9.98318243646874e-07, -1.430748374129521e-17, 1.0417071355876405e-15, 0.0, 0.0, 0.0, -1.430748374129522e-17, 9.966480624984776e-07, 8.862399912413641e-24, 0.0, 0.0, 0.0, 1.0417071355876403e-15, 8.862397661501074e-24, 9.96648062498477e-07, 0.0, -146.72589179032573, -6.902250377127488, 0.0, 0.0, 0.0, 215.93116680676388,-0.0181103296721,-0.000271319587819,0.0,0.0,0.0,1.51509843932,3.313994038463546e-06, 0.0, 0.0, 0.0, 0.0, 0.0, 0.0, 3.313994038463546e-06, 0.0, 0.0, 0.0, 0.0, 0.0, 0.0, 9.974815924069912e-07, 2.4735498927095285e-24, 2.491436245337574e-25, 0.0, 0.0, 0.0, 2.4735498927095285e-24, 9.900754300410661e-07, -5.953473734438524e-31, 0.0, 0.0, 0.0, 2.4914362453375745e-25, -5.9450806708807575e-31, 9.900754300410661e-07, 0.0, 0.0, 0.0, 0.0, 0.0, 0.0, 3.3029697458956923e-06
1492028609919069285,107967,1492028609,882143021,-0.111525490339,0.772975863255,0.0,0.0,0.0,0.702826201173,0.711361603508,327.3672468969316, 2.3361520542831897, 0.0, 0.0, 0.0, -146.57786733986572, 2.3361520542865306, 207.0076515354384, 0.0, 0.0, 0.0, -6.90750575726851, 0.0, 0.0, 9.98343156033747e-07, -1.2847599765192728e-17, 8.798879423090727e-16, 0.0, 0.0, 0.0, -1.2847599765192725e-17, 9.966975567781532e-07, 6.822970177280644e-24, 0.0, 0.0, 0.0, 8.798879423090727e-16, 6.822968106922128e-24, 9.966975567781526e-07, 0.0, -146.5778673398593, -6.907505757268318, 0.0, 0.0, 0.0, 215.93357166957682,-0.0163594044264,-0.000245828664342,0.0,0.0,0.0,1.49695678195,3.3639803070543013e-06, 0.0, 0.0, 0.0, 0.0, 0.0, 0.0, 3.3639803070543013e-06, 0.0, 0.0, 0.0, 0.0, 0.0, 0.0, 9.975188367030474e-07, 2.0984019847427178e-24, 8.701031641139014e-26, 0.0, 0.0, 0.0, 2.098401984742718e-24, 9.902200534258217e-07, -1.7910536869278962e-31, 0.0, 0.0, 0.0, 8.701031641139016e-26, -1.7900681530830737e-31, 9.902200534258217e-07, 0.0, 0.0, 0.0, 0.0, 0.0, 0.0, 3.3527771872470425e-06
1492028609952284432,107968,1492028609,922153950,-0.111518136663,0.772242211922,0.0,0.0,0.0,0.723786016255,0.690024494256,327.1605086730043, 2.328483557276553, 0.0, 0.0, 0.0, -146.42403247727512, 2.3284835572798928, 207.00939295349428, 0.0, 0.0, 0.0, -6.903453969748247, 0.0, 0.0, 9.983042095510781e-07, -1.6669144778528988e-17, 1.0724803274589735e-15, 0.0, 0.0, 0.0, -1.6669144778528982e-17, 9.966201865302205e-07, 1.0542291744306955e-23, 0.0, 0.0, 0.0, 1.0724803274589729e-15, 1.0542292307083997e-23, 9.966201865302196e-07, 0.0, -146.4240324772687, -6.903453969748055, 0.0, 0.0, 0.0, 215.93597232669225,-0.0214413905255,-0.000324028007942,0.0,0.0,0.0,1.54028202582,3.2864812914213487e-06, 0.0, 0.0, 0.0, 0.0, 0.0, 0.0, 3.2864812914213487e-06, 0.0, 0.0, 0.0, 0.0, 0.0, 0.0, 9.97460612086669e-07, 2.5588858595334594e-24, -4.585059353356789e-26, 0.0, 0.0, 0.0, 2.55888585953346e-24, 9.899939887083803e-07, 1.1233165716552884e-31, 0.0, 0.0, 0.0, -4.585059353356789e-26, 1.1222732900813403e-31, 9.899939887083803e-07, 0.0, 0.0, 0.0, 0.0, 0.0, 0.0, 3.275555182366073e-06
1492028609985606994,107969,1492028609,962323904,-0.11144264582,0.771352769843,0.0,0.0,0.0,0.744490050789,0.667633555386,326.902895268428, 2.311140343092786, 0.0, 0.0, 0.0, -146.232470184165, 2.311140343096125, 207.01034346947796, 0.0, 0.0, 0.0, -6.886887199053096, 0.0, 0.0, 9.98355743683075e-07, -2.090849071716429e-17, 1.2617723883448207e-15, 0.0, 0.0, 0.0, -2.0908490717164294e-17, 9.967225683112849e-07, 1.604498205466252e-23, 0.0, 0.0, 0.0, 1.2617723883448209e-15, 1.6044979798384433e-23, 9.96722568311284e-07, 0.0, -146.2324701841586, -6.886887199052905, 0.0, 0.0, 0.0, 215.93838252531705,-0.0223835255276,-0.000339867499287,0.0,0.0,0.0,1.50407714094,3.3898146217130126e-06, 0.0, 0.0, 0.0, 0.0, 0.0, 0.0, 3.3898146217130126e-06, 0.0, 0.0, 0.0, 0.0, 0.0, 0.0, 9.975376561015152e-07, 3.0032138803581775e-24, -2.3182864743547598e-25, 0.0, 0.0, 0.0, 3.0032138803581783e-24, 9.902931571247325e-07, 6.877866989377081e-31, 0.0, 0.0, 0.0, -2.3182864743547607e-25, 6.873581610135324e-31, 9.902931571247325e-07, 0.0, 0.0, 0.0, 0.0, 0.0, 0.0, 3.378519768369192e-06
1492028610019267597,107970,1492028610,2871990,-0.111306263229,0.770588784932,0.0,0.0,0.0,0.764664422933,0.644428677435,326.6704789587898, 2.2884731866813155, 0.0, 0.0, 0.0, -146.05926789650852, 2.288473186684654, 207.01075721116766, 0.0, 0.0, 0.0, -6.861541974672567, 0.0, 0.0, 9.984199639311596e-07, -1.5983912120862535e-17, 9.039752846260963e-16, 0.0, 0.0, 0.0, -1.5983912120862535e-17, 9.968501709066186e-07, 9.144920948040975e-24, 0.0, 0.0, 0.0, 9.039752846260965e-16, 9.144916459914018e-24, 9.968501709066181e-07, 0.0, -146.0592678965021, -6.861541974672375, 0.0, 0.0, 0.0, 215.9408154118899,-0.0142575129986,-0.000217687843242,0.0,0.0,0.0,1.45238356373,3.5280398287158428e-06, 0.0, 0.0, 0.0, 0.0, 0.0, 0.0, 3.5280398287158428e-06, 0.0, 0.0, 0.0, 0.0, 0.0, 0.0, 9.976336773233543e-07, 2.1402902980740375e-24, -2.9474159897133194e-25, 0.0, 0.0, 0.0, 2.140290298074037e-24, 9.906664226316806e-07, 6.484057932957307e-31, 0.0, 0.0, 0.0, -2.947415989713319e-25, 6.480777537600251e-31, 9.906664226316806e-07, 0.0, 0.0, 0.0, 0.0, 0.0, 0.0, 3.516261720317775e-06
1492028610052839214,107971,1492028610,42377949,-0.111192851137,0.770134312362,0.0,0.0,0.0,0.783810698712,0.620999829778,326.53186294401354, 2.270500805270665, 0.0, 0.0, 0.0, -145.95530213097823, 2.2705008052740028, 207.0113555012165, 0.0, 0.0, 0.0, -6.839839300396113, 0.0, 0.0, 9.983449604086115e-07, -1.037711071512115e-17, 5.587075204415571e-16, 0.0, 0.0, 0.0, -1.0377110715121152e-17, 9.967011438909503e-07, 3.5031597208229994e-24, 0.0, 0.0, 0.0, 5.587075204415574e-16, 3.503162533399933e-24, 9.9670114389095e-07, 0.0, -145.9553021309718, -6.839839300395919, 0.0, 0.0, 0.0, 215.94318577072877,-0.00841892246189,-0.000128688915797,0.0,0.0,0.0,1.5215850607,3.3676530023512683e-06, 0.0, 0.0, 0.0, 0.0, 0.0, 0.0, 3.3676530023512683e-06, 0.0, 0.0, 0.0, 0.0, 0.0, 0.0, 9.975215342454263e-07, 1.3076085024803463e-24, -2.608460244152559e-25, 0.0, 0.0, 0.0, 1.3076085024803472e-24, 9.902305215487144e-07, 3.3370284045210077e-31, 0.0, 0.0, 0.0, -2.608460244152561e-25, 3.363520504681175e-31, 9.902305215487144e-07, 0.0, 0.0, 0.0, 0.0, 0.0, 0.0, 3.356433335729394e-06
1492028610085177141,107972,1492028610,42377949,-0.111192851137,0.770134312362,0.0,0.0,0.0,0.783810698712,0.620999829778,326.53186294401354, 2.270500805270665, 0.0, 0.0, 0.0, -145.95530213097823, 2.2705008052740028, 207.0113555012165, 0.0, 0.0, 0.0, -6.839839300396113, 0.0, 0.0, 9.983449604086115e-07, -1.037711071512115e-17, 5.587075204415571e-16, 0.0, 0.0, 0.0, -1.0377110715121152e-17, 9.967011438909503e-07, 3.5031597208229994e-24, 0.0, 0.0, 0.0, 5.587075204415574e-16, 3.503162533399933e-24, 9.9670114389095e-07, 0.0, -145.9553021309718, -6.839839300395919, 0.0, 0.0, 0.0, 215.94318577072877,-0.00841892246189,-0.000128688915797,0.0,0.0,0.0,1.5215850607,3.3676530023512683e-06, 0.0, 0.0, 0.0, 0.0, 0.0, 0.0, 3.3676530023512683e-06, 0.0, 0.0, 0.0, 0.0, 0.0, 0.0, 9.975215342454263e-07, 1.3076085024803463e-24, -2.608460244152559e-25, 0.0, 0.0, 0.0, 1.3076085024803472e-24, 9.902305215487144e-07, 3.3370284045210077e-31, 0.0, 0.0, 0.0, -2.608460244152561e-25, 3.363520504681175e-31, 9.902305215487144e-07, 0.0, 0.0, 0.0, 0.0, 0.0, 0.0, 3.356433335729394e-06
1492028610119058917,107973,1492028610,82484007,-0.111116827365,0.769908775944,0.0,0.0,0.0,0.802349302361,0.596854753689,326.46210860785993, 2.259089509641024, 0.0, 0.0, 0.0, -145.90220751867594, 2.259089509644361, 207.01244954199558, 0.0, 0.0, 0.0, -6.825438957718805, 0.0, 0.0, 9.983337172133886e-07, -4.696677282374177e-18, 2.4203394749691643e-16, 0.0, 0.0, 0.0, -4.696677282374181e-18, 9.966787946938818e-07, 6.822124763995213e-25, 0.0, 0.0, 0.0, 2.4203394749691643e-16, 6.822264475527462e-25, 9.966787946938816e-07, 0.0, -145.9022075186695, -6.825438957718609, 0.0, 0.0, 0.0, 215.9455921355888,-0.00391487038119,-5.84563976577e-05,0.0,0.0,0.0,1.51831050124,3.3448688012554174e-06, 0.0, 0.0, 0.0, 0.0, 0.0, 0.0, 3.3448688012554174e-06, 0.0, 0.0, 0.0, 0.0, 0.0, 0.0, 9.975047253898538e-07, 5.587541503620933e-25, -1.4711999568918072e-25, 0.0, 0.0, 0.0, 5.587541503620931e-25, 9.901652549905502e-07, 7.889953770728536e-32, 0.0, 0.0, 0.0, -1.4711999568918075e-25, 7.976469729070365e-32, 9.901652549905502e-07, 0.0, 0.0, 0.0, 0.0, 0.0, 0.0, 3.3337358308578865e-06
1492028610152270305,107974,1492028610,122456074,-0.111065567722,0.769740506176,0.0,0.0,0.0,0.82001486972,0.572342217067,326.41746553038007, 2.2499916959925277, 0.0, 0.0, 0.0, -145.86768677842483, 2.2499916959958672, 207.0136995088846, 0.0, 0.0, 0.0, -6.8135855954054865, 0.0, 0.0, 9.983324054146651e-07, -5.356121153554723e-18, 2.6729430716742084e-16, 0.0, 0.0, 0.0, -5.35612115355472e-18, 9.966761830134232e-07, 8.585399241325177e-25, 0.0, 0.0, 0.0, 2.6729430716742084e-16, 8.585517759202095e-25, 9.966761830134232e-07, 0.0, -145.8676867784184, -6.813585595405291, 0.0, 0.0, 0.0, 215.94799046095895,-0.00572690723337,-8.49300919079e-05,0.0,0.0,0.0,1.49944136584,3.3422202956539742e-06, 0.0, 0.0, 0.0, 0.0, 0.0, 0.0, 3.3422202956539742e-06, 0.0, 0.0, 0.0, 0.0, 0.0, 0.0, 9.975027640952847e-07, 6.060513373057975e-25, -1.98979192649012e-25, 0.0, 0.0, 0.0, 6.060513373057973e-25, 9.901576253565481e-07, 1.1482707974204282e-31, 0.0, 0.0, 0.0, -1.9897919264901195e-25, 1.1907806396883052e-31, 9.901576253565481e-07, 0.0, 0.0, 0.0, 0.0, 0.0, 0.0, 3.3310918083842947e-06
1492028610185682675,107975,1492028610,162599087,-0.110958220936,0.769430319912,0.0,0.0,0.0,0.836726388767,0.547621174116,326.33643094727955, 2.230868507523041, 0.0, 0.0, 0.0, -145.80620447395788, 2.2308685075263774, 207.01410370396619, 0.0, 0.0, 0.0, -6.788135929063401, 0.0, 0.0, 9.983529931735264e-07, -1.0835741214864733e-17, 5.273242833357762e-16, 0.0, 0.0, 0.0, -1.0835741214864738e-17, 9.96717071767398e-07, 3.4693082447551715e-24, 0.0, 0.0, 0.0, 5.273242833357761e-16, 3.469322593601314e-24, 9.967170717673978e-07, 0.0, -145.80620447395145, -6.7881359290632055, 0.0, 0.0, 0.0, 215.95039904310926,-0.0114001493568,-0.000167869684977,0.0,0.0,0.0,1.46647742229,3.3841368016355143e-06, 0.0, 0.0, 0.0, 0.0, 0.0, 0.0, 3.3841368016355143e-06, 0.0, 0.0, 0.0, 0.0, 0.0, 0.0, 9.975335438741319e-07, 1.1707651883990535e-24, -4.62817566612091e-25, 0.0, 0.0, 0.0, 1.1707651883990531e-24, 9.902771831833153e-07, 5.332640781283578e-31, 0.0, 0.0, 0.0, -4.628175666120908e-25, 5.32837303210359e-31, 9.902771831833153e-07, 0.0, 0.0, 0.0, 0.0, 0.0, 0.0, 3.372862617802589e-06
1492028610219014915,107976,1492028610,202894926,-0.110733071014,0.768937474654,0.0,0.0,0.0,0.852615315991,0.522539111396,326.19911492176783, 2.1939688907467314, 0.0, 0.0, 0.0, -145.70298755097642, 2.193968890750071, 207.01299411987534, 0.0, 0.0, 0.0, -6.73825450262837, 0.0, 0.0, 9.983873780503711e-07, -1.687755585387068e-17, 7.922841289697015e-16, 0.0, 0.0, 0.0, -1.6877555853870676e-17, 9.96785383926998e-07, 8.292104045108826e-24, 0.0, 0.0, 0.0, 7.922841289697013e-16, 8.292092290743096e-24, 9.967853839269977e-07, 0.0, -145.70298755097, -6.738254502628173, 0.0, 0.0, 0.0, 215.95281679485092,-0.0148652864922,-0.000219544787898,0.0,0.0,0.0,1.43065492124,3.4565204716096495e-06, 0.0, 0.0, 0.0, 0.0, 0.0, 0.0, 3.4565204716096495e-06, 0.0, 0.0, 0.0, 0.0, 0.0, 0.0, 9.975849537394116e-07, 1.7161052551157053e-24, -7.968081507431999e-25, 0.0, 0.0, 0.0, 1.7161052551157053e-24, 9.904769562178574e-07, 1.3768546283202113e-30, 0.0, 0.0, 0.0, -7.968081507431997e-25, 1.3762952430038589e-30, 9.904769562178574e-07, 0.0, 0.0, 0.0, 0.0, 0.0, 0.0, 3.444988797044591e-06
1492028610252312830,107977,1492028610,242763996,-0.110456576397,0.768474716868,0.0,0.0,0.0,0.867566653591,0.497320924129,326.0600224015491, 2.1515827266570007, 0.0, 0.0, 0.0, -145.5983947271331, 2.1515827266603416, 207.01138200519273, 0.0, 0.0, 0.0, -6.680227247986387, 0.0, 0.0, 9.983630208709074e-07, -1.4899807590683826e-17, 6.772831558760857e-16, 0.0, 0.0, 0.0, -1.4899807590683835e-17, 9.967369784930482e-07, 6.164755801672071e-24, 0.0, 0.0, 0.0, 6.772831558760858e-16, 6.164746443319674e-24, 9.967369784930477e-07, 0.0, -145.59839472712667, -6.68022724798619, 0.0, 0.0, 0.0, 215.9552089404058,-0.0102769874058,-0.000152129843295,0.0,0.0,0.0,1.44685952407,3.4049272162367815e-06, 0.0, 0.0, 0.0, 0.0, 0.0, 0.0, 3.4049272162367815e-06, 0.0, 0.0, 0.0, 0.0, 0.0, 0.0, 9.97548536154263e-07, 1.4243838166678178e-24, -7.650472455524292e-25, 0.0, 0.0, 0.0, 1.424383816667818e-24, 9.90335422073681e-07, 1.0807760551749806e-30, 0.0, 0.0, 0.0, -7.650472455524296e-25, 1.0818912553798601e-30, 9.90335422073681e-07, 0.0, 0.0, 0.0, 0.0, 0.0, 0.0, 3.3935764696737364e-06
1492028610285123700,107978,1492028610,242763996,-0.110456576397,0.768474716868,0.0,0.0,0.0,0.867566653591,0.497320924129,326.0600224015491, 2.1515827266570007, 0.0, 0.0, 0.0, -145.5983947271331, 2.1515827266603416, 207.01138200519273, 0.0, 0.0, 0.0, -6.680227247986387, 0.0, 0.0, 9.983630208709074e-07, -1.4899807590683826e-17, 6.772831558760857e-16, 0.0, 0.0, 0.0, -1.4899807590683835e-17, 9.967369784930482e-07, 6.164755801672071e-24, 0.0, 0.0, 0.0, 6.772831558760858e-16, 6.164746443319674e-24, 9.967369784930477e-07, 0.0, -145.59839472712667, -6.68022724798619, 0.0, 0.0, 0.0, 215.9552089404058,-0.0102769874058,-0.000152129843295,0.0,0.0,0.0,1.44685952407,3.4049272162367815e-06, 0.0, 0.0, 0.0, 0.0, 0.0, 0.0, 3.4049272162367815e-06, 0.0, 0.0, 0.0, 0.0, 0.0, 0.0, 9.97548536154263e-07, 1.4243838166678178e-24, -7.650472455524292e-25, 0.0, 0.0, 0.0, 1.424383816667818e-24, 9.90335422073681e-07, 1.0807760551749806e-30, 0.0, 0.0, 0.0, -7.650472455524296e-25, 1.0818912553798601e-30, 9.90335422073681e-07, 0.0, 0.0, 0.0, 0.0, 0.0, 0.0, 3.3935764696737364e-06
1492028610318976818,107979,1492028610,283292055,-0.110299146859,0.768285678767,0.0,0.0,0.0,0.881863285072,0.471505192382,325.9953169580402, 2.129126021753558, 0.0, 0.0, 0.0, -145.5488969818093, 2.1291260217569, 207.01149204665518, 0.0, 0.0, 0.0, -6.649179255375316, 0.0, 0.0, 9.984045658611536e-07, -4.124257604638429e-18, 1.8012264153275474e-16, 0.0, 0.0, 0.0, -4.124257604638427e-18, 9.968195162995055e-07, 4.656628032473045e-25, 0.0, 0.0, 0.0, 1.8012264153275472e-16, 4.656183508221469e-25, 9.968195162995055e-07, 0.0, -145.54889698180287, -6.649179255375117, 0.0, 0.0, 0.0, 215.95764062535147,-0.0013824857554,-1.9947336153e-05,0.0,0.0,0.0,1.40849608455,3.4938793000769013e-06, 0.0, 0.0, 0.0, 0.0, 0.0, 0.0, 3.4938793000769013e-06, 0.0, 0.0, 0.0, 0.0, 0.0, 0.0, 9.9761065317015e-07, 3.6671068265243728e-25, -2.2522565483227896e-25, 0.0, 0.0, 0.0, 3.6671068265243728e-25, 9.905768764632534e-07, 8.456737133476405e-32, 0.0, 0.0, 0.0, -2.25225654832279e-25, 8.596297990277007e-32, 9.905768764632534e-07, 0.0, 0.0, 0.0, 0.0, 0.0, 0.0, 3.482218495709919e-06
1492028610352311980,107980,1492028610,322815895,-0.110325659296,0.768353939154,0.0,0.0,0.0,0.89522324227,0.445617937811,326.0103995570972, 2.134360825009575, 0.0, 0.0, 0.0, -145.55862002262398, 2.1343608250129167, 207.01391939914072, 0.0, 0.0, 0.0, -6.656501766129214, 0.0, 0.0, 9.983442937442346e-07, 4.639330887865566e-18, -1.9544034170807912e-16, 0.0, 0.0, 0.0, 4.639330887865568e-18, 9.966997654718954e-07, 5.476257638119935e-25, 0.0, 0.0, 0.0, -1.9544034170807917e-16, 5.475957800619323e-25, 9.966997654718954e-07, 0.0, -145.55862002261756, -6.656501766129015, 0.0, 0.0, 0.0, 215.9600120570733,0.00397222858673,5.71409965917e-05,0.0,0.0,0.0,1.46752991451,3.3662605241270115e-06, 0.0, 0.0, 0.0, 0.0, 0.0, 0.0, 3.3662605241270115e-06, 0.0, 0.0, 0.0, 0.0, 0.0, 0.0, 9.975205370450296e-07, -3.8243399394232985e-25, 2.660071636138885e-25, 0.0, 0.0, 0.0, -3.824339939423299e-25, 9.902265972759969e-07, 1.0184469761440748e-31, 0.0, 0.0, 0.0, 2.6600716361388844e-25, 9.91257432855562e-32, 9.902265972759969e-07, 0.0, 0.0, 0.0, 0.0, 0.0, 0.0, 3.355028070436916e-06
1492028610385581596,107981,1492028610,362973928,-0.110423267599,0.768458284163,0.0,0.0,0.0,0.907928999848,0.419124004603,326.0462617656299, 2.1488518969102963, 0.0, 0.0, 0.0, -145.58373214273604, 2.1488518969136354, 207.01718358829103, 0.0, 0.0, 0.0, -6.676849814023899, 0.0, 0.0, 9.983351854677442e-07, 3.1981724707627857e-18, -1.3339688784624994e-16, 0.0, 0.0, 0.0, 3.1981724707627857e-18, 9.966816416664588e-07, 2.5626707684775475e-25, 0.0, 0.0, 0.0, -1.3339688784624994e-16, 2.5625398252228523e-25, 9.966816416664588e-07, 0.0, -145.58373214272962, -6.6768498140237, 0.0, 0.0, 0.0, 215.96242154045285,0.00156044024788,2.4653824013e-05,0.0,0.0,0.0,1.47481384448,3.3478254845145395e-06, 0.0, 0.0, 0.0, 0.0, 0.0, 0.0, 3.3478254845145395e-06, 0.0, 0.0, 0.0, 0.0, 0.0, 0.0, 9.975069204275194e-07, -2.5011984342541616e-25, 1.971078869031371e-25, 0.0, 0.0, 0.0, -2.5011984342541607e-25, 9.901737755052826e-07, 4.6468645489803015e-32, 0.0, 0.0, 0.0, 1.9710788690313706e-25, 4.9112414771119805e-32, 9.901737755052826e-07, 0.0, 0.0, 0.0, 0.0, 0.0, 0.0, 3.3366805844873133e-06
1492028610419118621,107982,1492028610,402960062,-0.110427344683,0.768446899122,0.0,0.0,0.0,0.919779342261,0.392435933052,326.0487633353377, 2.148949954402391, 0.0, 0.0, 0.0, -145.58410465274437, 2.148949954405733, 207.0191908372692, 0.0, 0.0, 0.0, -6.676978169363474, 0.0, 0.0, 9.982161936597108e-07, -1.7014260163634528e-18, 7.59284027019692e-17, 0.0, 0.0, 0.0, -1.7014260163634528e-18, 9.964452781503264e-07, 7.237416290437996e-26, 0.0, 0.0, 0.0, 7.592840270196917e-17, 7.242773208004117e-26, 9.964452781503264e-07, 0.0, -145.58410465273795, -6.676978169363275, 0.0, 0.0, 0.0, 215.96482070984433,-0.00121790992332,-1.86402625404e-05,0.0,0.0,0.0,1.57943116821,3.1238183541371956e-06, 0.0, 0.0, 0.0, 0.0, 0.0, 0.0, 3.1238183541371956e-06, 0.0, 0.0, 0.0, 0.0, 0.0, 0.0, 9.973290460054594e-07, 1.351038713111609e-25, -1.2069399044731785e-25, 0.0, 0.0, 0.0, 1.3510387131116087e-25, 9.894837541376892e-07, 1.6293089017352796e-32, 0.0, 0.0, 0.0, -1.2069399044731782e-25, 1.8320696593080617e-32, 9.894837541376892e-07, 0.0, 0.0, 0.0, 0.0, 0.0, 0.0, 3.1134791412883736e-06
1492028610452276610,107983,1492028610,443007946,-0.110395016623,0.768412201675,0.0,0.0,0.0,0.931046293116,0.36490108259,326.04150810449687, 2.1439373590682407, 0.0, 0.0, 0.0, -145.57723790757646, 2.1439373590715864, 207.02075313300128, 0.0, 0.0, 0.0, -6.669856863809914, 0.0, 0.0, 9.982331905129493e-07, -1.9800411163693244e-18, 8.125271178106228e-17, 0.0, 0.0, 0.0, -1.980041116369324e-18, 9.96479019981876e-07, 9.10439876979405e-26, 0.0, 0.0, 0.0, 8.125271178106231e-17, 9.107379044067961e-26, 9.96479019981876e-07, 0.0, -145.57723790757004, -6.669856863809714, 0.0, 0.0, 0.0, 215.96722358424117,-0.00175203547363,-2.67452438206e-05,0.0,0.0,0.0,1.57093788681,3.153964924787355e-06, 0.0, 0.0, 0.0, 0.0, 0.0, 0.0, 3.153964924787355e-06, 0.0, 0.0, 0.0, 0.0, 0.0, 0.0, 9.973544510500328e-07, 1.3695909249658514e-25, -1.3721562954330783e-25, 0.0, 0.0, 0.0, 1.3695909249658516e-25, 9.8958221353194e-07, 2.3094763564897565e-32, 0.0, 0.0, 0.0, -1.3721562954330787e-25, 1.4354936975183218e-32, 9.8958221353194e-07, 0.0, 0.0, 0.0, 0.0, 0.0, 0.0, 3.1435155617089938e-06
1492028610485179044,107984,1492028610,443007946,-0.110395016623,0.768412201675,0.0,0.0,0.0,0.931046293116,0.36490108259,326.04150810449687, 2.1439373590682407, 0.0, 0.0, 0.0, -145.57723790757646, 2.1439373590715864, 207.02075313300128, 0.0, 0.0, 0.0, -6.669856863809914, 0.0, 0.0, 9.982331905129493e-07, -1.9800411163693244e-18, 8.125271178106228e-17, 0.0, 0.0, 0.0, -1.980041116369324e-18, 9.96479019981876e-07, 9.10439876979405e-26, 0.0, 0.0, 0.0, 8.125271178106231e-17, 9.107379044067961e-26, 9.96479019981876e-07, 0.0, -145.57723790757004, -6.669856863809714, 0.0, 0.0, 0.0, 215.96722358424117,-0.00175203547363,-2.67452438206e-05,0.0,0.0,0.0,1.57093788681,3.153964924787355e-06, 0.0, 0.0, 0.0, 0.0, 0.0, 0.0, 3.153964924787355e-06, 0.0, 0.0, 0.0, 0.0, 0.0, 0.0, 9.973544510500328e-07, 1.3695909249658514e-25, -1.3721562954330783e-25, 0.0, 0.0, 0.0, 1.3695909249658516e-25, 9.8958221353194e-07, 2.3094763564897565e-32, 0.0, 0.0, 0.0, -1.3721562954330787e-25, 1.4354936975183218e-32, 9.8958221353194e-07, 0.0, 0.0, 0.0, 0.0, 0.0, 0.0, 3.1435155617089938e-06
1492028610519109955,107985,1492028610,483177900,-0.110275659796,0.768282494019,0.0,0.0,0.0,0.941627075081,0.3366577661,326.0128790933209, 2.125114451426869, 0.0, 0.0, 0.0, -145.5545102775772, 2.1251144514302163, 207.02110423493838, 0.0, 0.0, 0.0, -6.6429695910578745, 0.0, 0.0, 9.983448037192439e-07, -9.182467863633457e-18, 3.493950770905391e-16, 0.0, 0.0, 0.0, -9.182467863633452e-18, 9.967007132513503e-07, 1.9383548495896334e-24, 0.0, 0.0, 0.0, 3.4939507709053905e-16, 1.938332057346244e-24, 9.967007132513501e-07, 0.0, -145.55451027757078, -6.642969591057675, 0.0, 0.0, 0.0, 215.96963378285463,-0.0072572067359,-0.000107783399551,0.0,0.0,0.0,1.48243844353,3.367341042177388e-06, 0.0, 0.0, 0.0, 0.0, 0.0, 0.0, 3.367341042177388e-06, 0.0, 0.0, 0.0, 0.0, 0.0, 0.0, 9.975213000998046e-07, 5.548879524907439e-25, -6.228478845962861e-25, 0.0, 0.0, 0.0, 5.548879524907442e-25, 9.902296236547872e-07, 3.414903052291734e-31, 0.0, 0.0, 0.0, -6.228478845962856e-25, 3.364334775608152e-31, 9.902296236547872e-07, 0.0, 0.0, 0.0, 0.0, 0.0, 0.0, 3.356126791087154e-06
1492028610552368368,107986,1492028610,523210049,-0.109981249543,0.768042167167,0.0,0.0,0.0,0.951210709068,0.30854203434,325.94943531482767, 2.0803633834050372, 0.0, 0.0, 0.0, -145.50594895930627, 2.080363383408387, 207.0191751610504, 0.0, 0.0, 0.0, -6.578763799031224, 0.0, 0.0, 9.9832989551197e-07, -1.4980776323258238e-17, 5.694868939375539e-16, 0.0, 0.0, 0.0, -1.498077632325824e-17, 9.966710798614252e-07, 5.108394823356349e-24, 0.0, 0.0, 0.0, 5.694868939375541e-16, 5.10837849536441e-24, 9.96671079861425e-07, 0.0, -145.50594895929984, -6.578763799031025, 0.0, 0.0, 0.0, 215.97203571312258,-0.0108778604331,-0.000161651889603,0.0,0.0,0.0,1.49544044014,3.3371879797562955e-06, 0.0, 0.0, 0.0, 0.0, 0.0, 0.0, 3.3371879797562955e-06, 0.0, 0.0, 0.0, 0.0, 0.0, 0.0, 9.974990118496243e-07, 8.422834964789366e-25, -1.0670937414660692e-24, 0.0, 0.0, 0.0, 8.422834964789366e-25, 9.90143064087892e-07, 8.750370035637169e-31, 0.0, 0.0, 0.0, -1.0670937414660695e-24, 8.756266940326865e-31, 9.90143064087892e-07, 0.0, 0.0, 0.0, 0.0, 0.0, 0.0, 3.326080906636706e-06
1492028610585627063,107987,1492028610,563309908,-0.109623282103,0.767812512537,0.0,0.0,0.0,0.959974439538,0.280087620994,325.8818443754417, 2.026921396775642, 0.0, 0.0, 0.0, -145.45428954840614, 2.0269213967789925, 207.01651569816747, 0.0, 0.0, 0.0, -6.501748769602202, 0.0, 0.0, 9.983366906850967e-07, -1.462089908596425e-17, 5.345710966361514e-16, 0.0, 0.0, 0.0, -1.462089908596426e-17, 9.96684565376693e-07, 4.699074997209655e-24, 0.0, 0.0, 0.0, 5.345710966361515e-16, 4.6991122182553726e-24, 9.966845653766929e-07, 0.0, -145.45428954839971, -6.501748769602004, 0.0, 0.0, 0.0, 215.97444170604587,-0.00879030970453,-0.000129326508927,0.0,0.0,0.0,1.48601564702,3.350858396084183e-06, 0.0, 0.0, 0.0, 0.0, 0.0, 0.0, 3.350858396084183e-06, 0.0, 0.0, 0.0, 0.0, 0.0, 0.0, 9.975091706782646e-07, 7.3083559535439785e-25, -1.0458694210891068e-24, 0.0, 0.0, 0.0, 7.308355953543983e-25, 9.901825051532207e-07, 7.460703395710536e-31, 0.0, 0.0, 0.0, -1.0458694210891077e-24, 7.454440417919596e-31, 9.901825051532207e-07, 0.0, 0.0, 0.0, 0.0, 0.0, 0.0, 3.339699263226537e-06
1492028610619009919,107988,1492028610,603316069,-0.109386226293,0.767696425564,0.0,0.0,0.0,0.967825093659,0.251623902051,325.8434569496312, 1.991955469958016, 0.0, 0.0, 0.0, -145.42430196194263, 1.9919554699613697, 207.0154820057821, 0.0, 0.0, 0.0, -6.45116024709765, 0.0, 0.0, 9.98279205052238e-07, -6.236539100755246e-18, 2.362603184162767e-16, 0.0, 0.0, 0.0, -6.236539100755246e-18, 9.965703497624527e-07, 8.562929189283907e-25, 0.0, 0.0, 0.0, 2.3626031841627674e-16, 8.563035610936512e-25, 9.965703497624527e-07, 0.0, -145.4243019619362, -6.4511602470974525, 0.0, 0.0, 0.0, 215.97684207706027,-0.00349674081104,-5.14109047655e-05,0.0,0.0,0.0,1.53536084202,3.2385793994485142e-06, 0.0, 0.0, 0.0, 0.0, 0.0, 0.0, 3.2385793994485142e-06, 0.0, 0.0, 0.0, 0.0, 0.0, 0.0, 9.974232330567966e-07, 2.941907049690237e-25, -4.810869619301612e-25, 0.0, 0.0, 0.0, 2.9419070496902383e-25, 9.898489486604931e-07, 1.3085475776664724e-31, 0.0, 0.0, 0.0, -4.810869619301613e-25, 1.3314134448431218e-31, 9.898489486604931e-07, 0.0, 0.0, 0.0, 0.0, 0.0, 0.0, 3.227827041159823e-06
1492028610652332261,107989,1492028610,643345118,-0.109288824043,0.767645583991,0.0,0.0,0.0,0.974834606331,0.222929339253,325.8309059260473, 1.9774732918090674, 0.0, 0.0, 0.0, -145.4134952233375, 1.9774732918124212, 207.01622916304237, 0.0, 0.0, 0.0, -6.430129804864341, 0.0, 0.0, 9.981799683218172e-07, -3.089121426168814e-18, 1.183982841196617e-16, 0.0, 0.0, 0.0, -3.0891214261688133e-18, 9.963732574779252e-07, 2.0097278995561122e-25, 0.0, 0.0, 0.0, 1.1839828411966175e-16, 2.0093963873690402e-25, 9.963732574779252e-07, 0.0, -145.41349522333107, -6.430129804864143, 0.0, 0.0, 0.0, 215.9792438213716,-0.00361439689367,-5.07947617663e-05,0.0,0.0,0.0,1.62004683441,3.061431259160883e-06, 0.0, 0.0, 0.0, 0.0, 0.0, 0.0, 3.061431259160883e-06, 0.0, 0.0, 0.0, 0.0, 0.0, 0.0, 9.972749029671795e-07, 1.32460870596153e-25, -2.4940059396011446e-25, 0.0, 0.0, 0.0, 1.3246087059615307e-25, 9.892739937585112e-07, 3.21981364379663e-32, 0.0, 0.0, 0.0, -2.494005939601146e-25, 2.7685517949307365e-32, 9.892739937585112e-07, 0.0, 0.0, 0.0, 0.0, 0.0, 0.0, 3.0513117520308555e-06
1492028610685172936,107990,1492028610,643345118,-0.109288824043,0.767645583991,0.0,0.0,0.0,0.974834606331,0.222929339253,325.8309059260473, 1.9774732918090674, 0.0, 0.0, 0.0, -145.4134952233375, 1.9774732918124212, 207.01622916304237, 0.0, 0.0, 0.0, -6.430129804864341, 0.0, 0.0, 9.981799683218172e-07, -3.089121426168814e-18, 1.183982841196617e-16, 0.0, 0.0, 0.0, -3.0891214261688133e-18, 9.963732574779252e-07, 2.0097278995561122e-25, 0.0, 0.0, 0.0, 1.1839828411966175e-16, 2.0093963873690402e-25, 9.963732574779252e-07, 0.0, -145.41349522333107, -6.430129804864143, 0.0, 0.0, 0.0, 215.9792438213716,-0.00361439689367,-5.07947617663e-05,0.0,0.0,0.0,1.62004683441,3.061431259160883e-06, 0.0, 0.0, 0.0, 0.0, 0.0, 0.0, 3.061431259160883e-06, 0.0, 0.0, 0.0, 0.0, 0.0, 0.0, 9.972749029671795e-07, 1.32460870596153e-25, -2.4940059396011446e-25, 0.0, 0.0, 0.0, 1.3246087059615307e-25, 9.892739937585112e-07, 3.21981364379663e-32, 0.0, 0.0, 0.0, -2.494005939601146e-25, 2.7685517949307365e-32, 9.892739937585112e-07, 0.0, 0.0, 0.0, 0.0, 0.0, 0.0, 3.0513117520308555e-06
1492028610719078246,107991,1492028610,683357000,-0.109171876731,0.767599582132,0.0,0.0,0.0,0.981109774781,0.193451828186,325.8180000318404, 1.9601868157876299, 0.0, 0.0, 0.0, -145.40242463565318, 1.9601868157909852, 207.01673292333558, 0.0, 0.0, 0.0, -6.404942131219915, 0.0, 0.0, 9.983057712288923e-07, -4.261954110580092e-18, 1.4766247447914136e-16, 0.0, 0.0, 0.0, -4.261954110580093e-18, 9.966230888464102e-07, 3.714582086487251e-25, 0.0, 0.0, 0.0, 1.4766247447914136e-16, 3.714529030427475e-25, 9.966230888464104e-07, 0.0, -145.40242463564675, -6.404942131219716, 0.0, 0.0, 0.0, 215.98164453567585,-0.00228525313108,-3.1100443825e-05,0.0,0.0,0.0,1.50116913248,3.289508142903716e-06, 0.0, 0.0, 0.0, 0.0, 0.0, 0.0, 3.289508142903716e-06, 0.0, 0.0, 0.0, 0.0, 0.0, 0.0, 9.974629465125496e-07, 1.4770314557269215e-25, -3.198378253540878e-25, 0.0, 0.0, 0.0, 1.4770314557269226e-25, 9.90003031056797e-07, 4.8485120113065455e-32, 0.0, 0.0, 0.0, -3.198378253540882e-25, 4.348895688075354e-32, 9.90003031056797e-07, 0.0, 0.0, 0.0, 0.0, 0.0, 0.0, 3.2785645617840445e-06
1492028610752444041,107992,1492028610,723434925,-0.109188447542,0.767630706706,0.0,0.0,0.0,0.98640123729,0.16435510054,325.8214557585306, 1.9627656255241526, 0.0, 0.0, 0.0, -145.40350293652756, 1.9627656255275077, 207.01896125512397, 0.0, 0.0, 0.0, -6.4087252517193605, 0.0, 0.0, 9.983406783525586e-07, 4.578346429275892e-18, -1.6471523625335797e-16, 0.0, 0.0, 0.0, 4.578346429275892e-18, 9.966924172782667e-07, 4.544746706958092e-25, 0.0, 0.0, 0.0, -1.6471523625335795e-16, 4.544791957825656e-25, 9.966924172782667e-07, 0.0, -145.40350293652114, -6.4087252517191615, 0.0, 0.0, 0.0, 215.9840492125198,0.00423028088161,6.14580633474e-05,0.0,0.0,0.0,1.46613384011,3.3589401574913283e-06, 0.0, 0.0, 0.0, 0.0, 0.0, 0.0, 3.3589401574913283e-06, 0.0, 0.0, 0.0, 0.0, 0.0, 0.0, 9.975151324376175e-07, -1.4313574655560464e-25, 3.6621368596813473e-25, 0.0, 0.0, 0.0, -1.4313574655560461e-25, 9.902056643371003e-07, 5.306731612366713e-32, 0.0, 0.0, 0.0, 3.662136859681348e-25, 5.128508757533638e-32, 9.902056643371003e-07, 0.0, 0.0, 0.0, 0.0, 0.0, 0.0, 3.347754249143279e-06
1492028610785614896,107993,1492028610,763478994,-0.109424000064,0.767715327824,0.0,0.0,0.0,0.990734234188,0.135814863725,325.8439539403569, 1.9974854338723143, 0.0, 0.0, 0.0, -145.4187246947673, 1.9974854338756687, 207.02399590004308, 0.0, 0.0, 0.0, -6.4596224683517764, 0.0, 0.0, 9.98195938081155e-07, 1.1518848036182143e-17, -4.26276112279204e-16, 0.0, 0.0, 0.0, 1.1518848036182146e-17, 9.96404912686761e-07, 2.721812357567451e-24, 0.0, 0.0, 0.0, -4.2627611227920405e-16, 2.721777820148629e-24, 9.96404912686761e-07, 0.0, -145.41872469476087, -6.45962246835158, 0.0, 0.0, 0.0, 215.98645185806976,0.00802072386281,0.000115933509295,0.0,0.0,0.0,1.59810201645,3.088615929268501e-06, 0.0, 0.0, 0.0, 0.0, 0.0, 0.0, 3.088615929268501e-06, 0.0, 0.0, 0.0, 0.0, 0.0, 0.0, 9.972987710295192e-07, -3.122693607501877e-25, 9.67440934596645e-25, 0.0, 0.0, 0.0, -3.1226936075018773e-25, 9.89366432055871e-07, 2.749102858774201e-31, 0.0, 0.0, 0.0, 9.67440934596645e-25, 2.73025997280627e-31, 9.89366432055871e-07, 0.0, 0.0, 0.0, 0.0, 0.0, 0.0, 3.0783954994294524e-06
1492028610819081451,107994,1492028610,803500891,-0.109718294917,0.767775202081,0.0,0.0,0.0,0.994386459148,0.105809119939,325.86656498649523, 2.040792536046094, 0.0, 0.0, 0.0, -145.4340296488424, 2.0407925360494445, 207.02982214861905, 0.0, 0.0, 0.0, -6.523259020364521, 0.0, 0.0, 9.98321796474147e-07, 1.0214738674471315e-17, -3.495662975286259e-16, 0.0, 0.0, 0.0, 1.0214738674471312e-17, 9.966548692221177e-07, 2.1277255215994108e-24, 0.0, 0.0, 0.0, -3.4956629752862594e-16, 2.1277105527542893e-24, 9.966548692221175e-07, 0.0, -145.43402964883597, -6.523259020364325, 0.0, 0.0, 0.0, 215.98885317318658,0.00556098793041,8.23277050517e-05,0.0,0.0,0.0,1.49835927525,3.321024826428833e-06, 0.0, 0.0, 0.0, 0.0, 0.0, 0.0, 3.321024826428833e-06, 0.0, 0.0, 0.0, 0.0, 0.0, 0.0, 9.974869037054957e-07, -2.1110092632720945e-25, 8.070945482567222e-25, 0.0, 0.0, 0.0, -2.111009263272092e-25, 9.900960397907436e-07, 1.63515668493744e-31, 0.0, 0.0, 0.0, 8.070945482567221e-25, 1.6596230896422212e-31, 9.900960397907436e-07, 0.0, 0.0, 0.0, 0.0, 0.0, 0.0, 3.3099714565904487e-06
1492028610852378116,107995,1492028610,843636990,-0.109889008786,0.767794445734,0.0,0.0,0.0,0.997102184773,0.0760738662147,325.87757851229065, 2.0659236004273356, 0.0, 0.0, 0.0, -145.44071760914582, 2.0659236004306853, 207.0340715146352, 0.0, 0.0, 0.0, -6.560280435834837, 0.0, 0.0, 9.983391802501073e-07, 4.881556041033999e-18, -1.598509413986698e-16, 0.0, 0.0, 0.0, 4.881556041033999e-18, 9.966893874182503e-07, 4.698953246611179e-25, 0.0, 0.0, 0.0, -1.598509413986698e-16, 4.698956079563849e-25, 9.966893874182503e-07, 0.0, -145.4407176091394, -6.560280435834642, 0.0, 0.0, 0.0, 215.99126134048845,0.00278061878651,4.34681834633e-05,0.0,0.0,0.0,1.49328651884,3.3558946533048043e-06, 0.0, 0.0, 0.0, 0.0, 0.0, 0.0, 3.3558946533048043e-06, 0.0, 0.0, 0.0, 0.0, 0.0, 0.0, 9.975128926253584e-07, -7.497226947052272e-26, 3.740867460750579e-25, 0.0, 0.0, 0.0, -7.497226947052274e-26, 9.901969562170097e-07, 2.719115343849796e-32, 0.0, 0.0, 0.0, 3.740867460750579e-25, 2.764052315549468e-32, 9.901969562170097e-07, 0.0, 0.0, 0.0, 0.0, 0.0, 0.0, 3.3447162161875317e-06
1492028610885126782,107996,1492028610,843636990,-0.109889008786,0.767794445734,0.0,0.0,0.0,0.997102184773,0.0760738662147,325.87757851229065, 2.0659236004273356, 0.0, 0.0, 0.0, -145.44071760914582, 2.0659236004306853, 207.0340715146352, 0.0, 0.0, 0.0, -6.560280435834837, 0.0, 0.0, 9.983391802501073e-07, 4.881556041033999e-18, -1.598509413986698e-16, 0.0, 0.0, 0.0, 4.881556041033999e-18, 9.966893874182503e-07, 4.698953246611179e-25, 0.0, 0.0, 0.0, -1.598509413986698e-16, 4.698956079563849e-25, 9.966893874182503e-07, 0.0, -145.4407176091394, -6.560280435834642, 0.0, 0.0, 0.0, 215.99126134048845,0.00278061878651,4.34681834633e-05,0.0,0.0,0.0,1.49328651884,3.3558946533048043e-06, 0.0, 0.0, 0.0, 0.0, 0.0, 0.0, 3.3558946533048043e-06, 0.0, 0.0, 0.0, 0.0, 0.0, 0.0, 9.975128926253584e-07, -7.497226947052272e-26, 3.740867460750579e-25, 0.0, 0.0, 0.0, -7.497226947052274e-26, 9.901969562170097e-07, 2.719115343849796e-32, 0.0, 0.0, 0.0, 3.740867460750579e-25, 2.764052315549468e-32, 9.901969562170097e-07, 0.0, 0.0, 0.0, 0.0, 0.0, 0.0, 3.3447162161875317e-06
1492028610919088939,107997,1492028610,883694887,-0.10999783634,0.767805334218,0.0,0.0,0.0,0.998933871046,0.0461640691145,325.88326878934254, 2.081860928509979, 0.0, 0.0, 0.0, -145.44345562887307, 2.0818609285133247, 207.03750718545746, 0.0, 0.0, 0.0, -6.5838248107418424, 0.0, 0.0, 9.983418197463936e-07, 3.933345822335529e-18, -1.3611425305503162e-16, 0.0, 0.0, 0.0, 3.9333458223355276e-18, 9.96694612489656e-07, 3.2280600481080327e-25, 0.0, 0.0, 0.0, -1.3611425305503157e-16, 3.228710675195893e-25, 9.96694612489656e-07, 0.0, -145.44345562886664, -6.583824810741647, 0.0, 0.0, 0.0, 215.9936648157079,0.00249764561837,3.87676880432e-05,0.0,0.0,0.0,1.50324153398,3.3612542832513013e-06, 0.0, 0.0, 0.0, 0.0, 0.0, 0.0, 3.3612542832513013e-06, 0.0, 0.0, 0.0, 0.0, 0.0, 0.0, 9.975168387947802e-07, -4.416003819336346e-26, 3.218498504927498e-25, 0.0, 0.0, 0.0, -4.416003819336346e-26, 9.902122838646786e-07, 1.3879394025365107e-32, 0.0, 0.0, 0.0, 3.2184985049274976e-25, 1.4188089589069114e-32, 9.902122838646786e-07, 0.0, 0.0, 0.0, 0.0, 0.0, 0.0, 3.3500572628246904e-06
1492028610958675978,107998,1492028610,923882008,-0.110044074043,0.767796027977,0.0,0.0,0.0,0.999874018934,0.0158728151628,325.88627043962623, 2.0888506766550714, 0.0, 0.0, 0.0, -145.4441924462557, 2.088850676658416, 207.0401478068056, 0.0, 0.0, 0.0, -6.594171680511647, 0.0, 0.0, 9.98363327498796e-07, -6.153983418078799e-19, 1.922542762117126e-17, 0.0, 0.0, 0.0, -6.153983418078798e-19, 9.967373268230806e-07, 7.164319443465087e-27, 0.0, 0.0, 0.0, 1.9225427621171248e-17, 7.2934248283533e-27, 9.967373268230806e-07, 0.0, -145.44419244624928, -6.594171680511453, 0.0, 0.0, 0.0, 215.9960760443087,-0.000791397330627,-1.47926968548e-05,0.0,0.0,0.0,1.49369897912,3.4055694818683818e-06, 0.0, 0.0, 0.0, 0.0, 0.0, 0.0, 3.4055694818683818e-06, 0.0, 0.0, 0.0, 0.0, 0.0, 0.0, 9.975489946304657e-07, 3.6282823852734465e-27, -4.5757110499297745e-26, 0.0, 0.0, 0.0, 3.6282823852734486e-27, 9.90337206900876e-07, 2.524525915025449e-34, 0.0, 0.0, 0.0, -4.575711049929776e-26, 1.960249729856651e-34, 9.90337206900876e-07, 0.0, 0.0, 0.0, 0.0, 0.0, 0.0, 3.3942177542489687e-06
1492028610998677564,107999,1492028610,963840961,-0.1099625509,0.767792191176,0.0,0.0,0.0,-0.999896482876,0.0143883123161,325.8885506696834, 2.077099003189119, 0.0, 0.0, 0.0, -145.4444020592116, 2.0770990031924654, 207.04108098139454, 0.0, 0.0, 0.0, -6.5767099526429496, 0.0, 0.0, 9.983449603342511e-07, -4.018187871032824e-18, 1.2941735057761655e-16, 0.0, 0.0, 0.0, -4.018187871032824e-18, 9.9670081227988e-07, 3.142182473236016e-25, 0.0, 0.0, 0.0, 1.2941735057761655e-16, 3.1419355347453725e-25, 9.967008122798801e-07, 0.0, -145.44440205920517, -6.576709952642755, 0.0, 0.0, 0.0, 215.99847358289995,-0.00204172001389,-2.80593990942e-05,0.0,0.0,0.0,1.5117193973,3.3676435900985918e-06, 0.0, 0.0, 0.0, 0.0, 0.0, 0.0, 3.3676435900985918e-06, 0.0, 0.0, 0.0, 0.0, 0.0, 0.0, 9.97521533996186e-07, 5.4960529352032515e-27, -3.0874856235498715e-25, 0.0, 0.0, 0.0, 5.496052935203253e-27, 9.902305065187596e-07, 1.671489825188052e-33, 0.0, 0.0, 0.0, -3.0874856235498705e-25, 1.6417052962440968e-33, 9.902305065187596e-07, 0.0, 0.0, 0.0, 0.0, 0.0, 0.0, 3.3564188676328366e-06
1492028611038669285,108000,1492028611,3906965,-0.109951154117,0.767813210425,0.0,0.0,0.0,-0.999000610416,0.0446965366596,325.8905516821356, 2.074806347435455, 0.0, 0.0, 0.0, -145.44440036369997, 2.0748063474388, 207.0428769931121, 0.0, 0.0, 0.0, -6.573305249605409, 0.0, 0.0, 9.983457827509304e-07, 3.4193629360275187e-18, -1.15800006498834e-16, 0.0, 0.0, 0.0, 3.419362936027518e-18, 9.967024256077871e-07, 2.3938788276130214e-25, 0.0, 0.0, 0.0, -1.1580000649883407e-16, 2.393427682721474e-25, 9.96702425607787e-07, 0.0, -145.44440036369355, -6.573305249605214, 0.0, 0.0, 0.0, 216.00087754449478,0.00409100410665,6.09890288112e-05,0.0,0.0,0.0,1.50546179089,3.369318700429991e-06, 0.0, 0.0, 0.0, 0.0, 0.0, 0.0, 3.369318700429991e-06, 0.0, 0.0, 0.0, 0.0, 0.0, 0.0, 9.975227634877939e-07, 1.2226284895849297e-26, 2.759555033163227e-25, 0.0, 0.0, 0.0, 1.2226284895849303e-26, 9.902352752270942e-07, -3.1526932191685014e-33, 0.0, 0.0, 0.0, 2.759555033163228e-25, -3.371394146975147e-33, 9.902352752270942e-07, 0.0, 0.0, 0.0, 0.0, 0.0, 0.0, 3.3580855854472035e-06
1492028611078684613,108001,1492028611,43910027,-0.110259530729,0.767803455218,0.0,0.0,0.0,-0.997208184914,0.0746715202769,325.8808414733203, 2.1183111492709488, 0.0, 0.0, 0.0, -145.43570447571744, 2.1183111492742923, 207.0488532245199, 0.0, 0.0, 0.0, -6.638311882393112, 0.0, 0.0, 9.9831621818551e-07, 1.8588450801709168e-17, -6.264025123967663e-16, 0.0, 0.0, 0.0, 1.8588450801709165e-17, 9.966436694148456e-07, 6.91536552316747e-24, 0.0, 0.0, 0.0, -6.264025123967665e-16, 6.915304154496137e-24, 9.966436694148452e-07, 0.0, -145.43570447571102, -6.638311882392917, 0.0, 0.0, 0.0, 216.00327772953858,0.0133912281674,0.00020384716605,0.0,0.0,0.0,1.52154783961,3.3099865196594516e-06, 0.0, 0.0, 0.0, 0.0, 0.0, 0.0, 3.3099865196594516e-06, 0.0, 0.0, 0.0, 0.0, 0.0, 0.0, 9.974785642760397e-07, 1.5672221235288392e-25, 1.4864505780475243e-24, 0.0, 0.0, 0.0, 1.5672221235288397e-25, 9.900636615567754e-07, -2.2510804213577067e-31, 0.0, 0.0, 0.0, 1.4864505780475241e-24, -2.24519309631126e-31, 9.900636615567754e-07, 0.0, 0.0, 0.0, 0.0, 0.0, 0.0, 3.2989719024475125e-06
1492028611118666632,108002,1492028611,43910027,-0.110259530729,0.767803455218,0.0,0.0,0.0,-0.997208184914,0.0746715202769,325.8808414733203, 2.1183111492709488, 0.0, 0.0, 0.0, -145.43570447571744, 2.1183111492742923, 207.0488532245199, 0.0, 0.0, 0.0, -6.638311882393112, 0.0, 0.0, 9.9831621818551e-07, 1.8588450801709168e-17, -6.264025123967663e-16, 0.0, 0.0, 0.0, 1.8588450801709165e-17, 9.966436694148456e-07, 6.91536552316747e-24, 0.0, 0.0, 0.0, -6.264025123967665e-16, 6.915304154496137e-24, 9.966436694148452e-07, 0.0, -145.43570447571102, -6.638311882392917, 0.0, 0.0, 0.0, 216.00327772953858,0.0133912281674,0.00020384716605,0.0,0.0,0.0,1.52154783961,3.3099865196594516e-06, 0.0, 0.0, 0.0, 0.0, 0.0, 0.0, 3.3099865196594516e-06, 0.0, 0.0, 0.0, 0.0, 0.0, 0.0, 9.974785642760397e-07, 1.5672221235288392e-25, 1.4864505780475243e-24, 0.0, 0.0, 0.0, 1.5672221235288397e-25, 9.900636615567754e-07, -2.2510804213577067e-31, 0.0, 0.0, 0.0, 1.4864505780475241e-24, -2.24519309631126e-31, 9.900636615567754e-07, 0.0, 0.0, 0.0, 0.0, 0.0, 0.0, 3.2989719024475125e-06
1492028611158720184,108003,1492028611,83972931,-0.11085264076,0.767699342879,0.0,0.0,0.0,-0.994514702777,0.104596873566,325.85007700602256, 2.2034667287267458, 0.0, 0.0, 0.0, -145.41136885857608, 2.203466728730088, 207.05877506723184, 0.0, 0.0, 0.0, -6.765918911258791, 0.0, 0.0, 9.983264970352966e-07, 2.669432586260889e-17, -9.08435218015147e-16, 0.0, 0.0, 0.0, 2.6694325862608886e-17, 9.96664071314591e-07, 1.4490820352442193e-23, 0.0, 0.0, 0.0, -9.08435218015147e-16, 1.449075224741259e-23, 9.966640713145905e-07, 0.0, -145.41136885856966, -6.765918911258596, 0.0, 0.0, 0.0, 216.0056815051642,0.0164616150667,0.000245147265634,0.0,0.0,0.0,1.50729606851,3.330385164487538e-06, 0.0, 0.0, 0.0, 0.0, 0.0, 0.0, 3.330385164487538e-06, 0.0, 0.0, 0.0, 0.0, 0.0, 0.0, 9.97493931047299e-07, 3.5706823233846115e-25, 2.1385041647456465e-24, 0.0, 0.0, 0.0, 3.5706823233846105e-25, 9.901233288490084e-07, -7.409884522395647e-31, 0.0, 0.0, 0.0, 2.1385041647456454e-24, -7.404197150625992e-31, 9.901233288490084e-07, 0.0, 0.0, 0.0, 0.0, 0.0, 0.0, 3.319299894674245e-06
1492028611158745960,108004,1492028611,124068022,-0.11146404992,0.76753603359,0.0,0.0,0.0,-0.990929185064,0.134385081716,325.8071419928829, 2.2917228091956634, 0.0, 0.0, 0.0, -145.37798632692363, 2.2917228091990025, 207.06917355573486, 0.0, 0.0, 0.0, -6.8986058216252655, 0.0, 0.0, 9.98351206190937e-07, 2.4181489626137612e-17, -8.232488564008969e-16, 0.0, 0.0, 0.0, 2.4181489626137615e-17, 9.967131451881822e-07, 1.2074103176879631e-23, 0.0, 0.0, 0.0, -8.232488564008973e-16, 1.2074122585372442e-23, 9.967131451881818e-07, 0.0, -145.3779863269172, -6.89860582162507, 0.0, 0.0, 0.0, 216.00808721198084,0.014164296705,0.000212737566095,0.0,0.0,0.0,1.47957113418,3.380452325638176e-06, 0.0, 0.0, 0.0, 0.0, 0.0, 0.0, 3.380452325638176e-06, 0.0, 0.0, 0.0, 0.0, 0.0, 0.0, 9.97530872123744e-07, 4.387471589148067e-25, 1.9155010707026845e-24, 0.0, 0.0, 0.0, 4.387471589148066e-25, 9.90266796705109e-07, -8.275082913629238e-31, 0.0, 0.0, 0.0, 1.915501070702684e-24, -8.260106444575646e-31, 9.90266796705109e-07, 0.0, 0.0, 0.0, 0.0, 0.0, 0.0, 3.369188368443625e-06
1492028611198684792,108005,1492028611,164071083,-0.111974867177,0.767367604054,0.0,0.0,0.0,-0.986512134967,0.16368814118,325.7620014959722, 2.3651836184233668, 0.0, 0.0, 0.0, -145.34296029005816, 2.365183618426704, 207.0783102990003, 0.0, 0.0, 0.0, -7.009445890335394, 0.0, 0.0, 9.983256954019008e-07, 2.0282218154795703e-17, -7.05594095070689e-16, 0.0, 0.0, 0.0, 2.0282218154795706e-17, 9.966624420457585e-07, 8.547563330803065e-24, 0.0, 0.0, 0.0, -7.055940950706895e-16, 8.547605873993683e-24, 9.966624420457583e-07, 0.0, -145.3429602900517, -7.009445890335199, 0.0, 0.0, 0.0, 216.01048739702404,0.0125126096075,0.000186454445028,0.0,0.0,0.0,1.49455261818,3.3287869834039205e-06, 0.0, 0.0, 0.0, 0.0, 0.0, 0.0, 3.3287869834039205e-06, 0.0, 0.0, 0.0, 0.0, 0.0, 0.0, 9.974927326273377e-07, 4.743652709020617e-25, 1.6158336031975234e-24, 0.0, 0.0, 0.0, 4.743652709020618e-25, 9.90118677661885e-07, -7.431624383891292e-31, 0.0, 0.0, 0.0, 1.6158336031975243e-24, -7.418928813752942e-31, 9.90118677661885e-07, 0.0, 0.0, 0.0, 0.0, 0.0, 0.0, 3.3177081756595567e-06
1492028611218948492,108006,1492028611,204104900,-0.11245377385,0.767187669343,0.0,0.0,0.0,-0.981210003202,0.192942814366,325.71073268921333, 2.4332723034046313, 0.0, 0.0, 0.0, -145.30336909591102, 2.433272303407966, 207.08705437592107, 0.0, 0.0, 0.0, -7.11257801569401, 0.0, 0.0, 9.983332004534917e-07, 2.252619690860442e-17, -7.72207162743584e-16, 0.0, 0.0, 0.0, 2.2526196908604418e-17, 9.966773282769989e-07, 1.0436227737933279e-23, 0.0, 0.0, 0.0, -7.72207162743584e-16, 1.043623258966979e-23, 9.966773282769985e-07, 0.0, -145.30336909590457, -7.112578015693814, 0.0, 0.0, 0.0, 216.0128894274241,0.0140678974701,0.000211811980513,0.0,0.0,0.0,1.49231959988,3.3437959403649257e-06, 0.0, 0.0, 0.0, 0.0, 0.0, 0.0, 3.3437959403649257e-06, 0.0, 0.0, 0.0, 0.0, 0.0, 0.0, 9.975039523312432e-07, 6.205741755188244e-25, 1.7334246787289168e-24, 0.0, 0.0, 0.0, 6.205741755188245e-25, 9.901622028456315e-07, -1.0514747524218133e-30, 0.0, 0.0, 0.0, 1.7334246787289156e-24, -1.0486564163950106e-30, 9.901622028456315e-07, 0.0, 0.0, 0.0, 0.0, 0.0, 0.0, 3.33264888945878e-06
1492028611258669531,108007,1492028611,244354963,-0.113010515191,0.766942817583,0.0,0.0,0.0,-0.975037550592,0.22204003003,325.63964687844737, 2.511888224436678, 0.0, 0.0, 0.0, -145.24902348515886, 2.511888224440008, 207.09700766750447, 0.0, 0.0, 0.0, -7.232156539648593, 0.0, 0.0, 9.983233260938853e-07, 2.5298223171008444e-17, -8.981705863309847e-16, 0.0, 0.0, 0.0, 2.5298223171008444e-17, 9.966576994897262e-07, 1.3552087002232266e-23, 0.0, 0.0, 0.0, -8.981705863309841e-16, 1.355214143362269e-23, 9.966576994897255e-07, 0.0, -145.2490234851524, -7.232156539648398, 0.0, 0.0, 0.0, 216.01530443258724,0.0169341847219,0.000253005442374,0.0,0.0,0.0,1.50120446729,3.3240712495054032e-06, 0.0, 0.0, 0.0, 0.0, 0.0, 0.0, 3.3240712495054032e-06, 0.0, 0.0, 0.0, 0.0, 0.0, 0.0, 9.974891905715962e-07, 8.450028962868152e-25, 1.9702148407497496e-24, 0.0, 0.0, 0.0, 8.450028962868154e-25, 9.901049293232069e-07, -1.6126786632857757e-30, 0.0, 0.0, 0.0, 1.9702148407497492e-24, -1.615307774040132e-30, 9.901049293232069e-07, 0.0, 0.0, 0.0, 0.0, 0.0, 0.0, 3.313010910595812e-06
1492028611298677358,108008,1492028611,244354963,-0.113010515191,0.766942817583,0.0,0.0,0.0,-0.975037550592,0.22204003003,325.63964687844737, 2.511888224436678, 0.0, 0.0, 0.0, -145.24902348515886, 2.511888224440008, 207.09700766750447, 0.0, 0.0, 0.0, -7.232156539648593, 0.0, 0.0, 9.983233260938853e-07, 2.5298223171008444e-17, -8.981705863309847e-16, 0.0, 0.0, 0.0, 2.5298223171008444e-17, 9.966576994897262e-07, 1.3552087002232266e-23, 0.0, 0.0, 0.0, -8.981705863309841e-16, 1.355214143362269e-23, 9.966576994897255e-07, 0.0, -145.2490234851524, -7.232156539648398, 0.0, 0.0, 0.0, 216.01530443258724,0.0169341847219,0.000253005442374,0.0,0.0,0.0,1.50120446729,3.3240712495054032e-06, 0.0, 0.0, 0.0, 0.0, 0.0, 0.0, 3.3240712495054032e-06, 0.0, 0.0, 0.0, 0.0, 0.0, 0.0, 9.974891905715962e-07, 8.450028962868152e-25, 1.9702148407497496e-24, 0.0, 0.0, 0.0, 8.450028962868154e-25, 9.901049293232069e-07, -1.6126786632857757e-30, 0.0, 0.0, 0.0, 1.9702148407497492e-24, -1.615307774040132e-30, 9.901049293232069e-07, 0.0, 0.0, 0.0, 0.0, 0.0, 0.0, 3.313010910595812e-06
1492028611338678874,108009,1492028611,284507036,-0.113660863029,0.766609649205,0.0,0.0,0.0,-0.967979108719,0.251030765214,325.54249631165777, 2.603204955122204, 0.0, 0.0, 0.0, -145.1752700967959, 2.60320495512553, 207.10844963390235, 0.0, 0.0, 0.0, -7.371707116391785, 0.0, 0.0, 9.983411903066886e-07, 2.956400348001534e-17, -1.0608516272962899e-15, 0.0, 0.0, 0.0, 2.956400348001535e-17, 9.966931770479775e-07, 1.8907212557779017e-23, 0.0, 0.0, 0.0, -1.0608516272962895e-15, 1.8907253403786002e-23, 9.96693177047977e-07, 0.0, -145.17527009678946, -7.3717071163915895, 0.0, 0.0, 0.0, 216.0177135583337,0.0205684620965,0.000306533468408,0.0,0.0,0.0,1.48630607021,3.359990818147564e-06, 0.0, 0.0, 0.0, 0.0, 0.0, 0.0, 3.359990818147564e-06, 0.0, 0.0, 0.0, 0.0, 0.0, 0.0, 9.97515897983151e-07, 1.136118042037164e-24, 2.2640566547816627e-24, 0.0, 0.0, 0.0, 1.1361180420371635e-24, 9.902086531506677e-07, -2.5149526108185266e-30, 0.0, 0.0, 0.0, 2.264056654781662e-24, -2.518465193273138e-30, 9.902086531506677e-07, 0.0, 0.0, 0.0, 0.0, 0.0, 0.0, 3.3488070697045986e-06
1492028611378713741,108010,1492028611,324448109,-0.114439875676,0.76615466914,0.0,0.0,0.0,-0.960143287682,0.279508259483,325.4085705441504, 2.711639665348079, 0.0, 0.0, 0.0, -145.0741092776383, 2.7116396653514023, 207.12194586881677, 0.0, 0.0, 0.0, -7.538309186600691, 0.0, 0.0, 9.98274405112729e-07, 3.5855872573298406e-17, -1.3445208940889588e-15, 0.0, 0.0, 0.0, 3.585587257329842e-17, 9.965604850724955e-07, 2.79381144547794e-23, 0.0, 0.0, 0.0, -1.3445208940889586e-15, 2.7938091749545913e-23, 9.965604850724944e-07, 0.0, -145.07410927763186, -7.538309186600496, 0.0, 0.0, 0.0, 216.02011002404814,0.0264979439731,0.00039382649695,0.0,0.0,0.0,1.54523186458,3.2295438217014684e-06, 0.0, 0.0, 0.0, 0.0, 0.0, 0.0, 3.2295438217014684e-06, 0.0, 0.0, 0.0, 0.0, 0.0, 0.0, 9.974160578915779e-07, 1.6116461285738113e-24, 2.7746074864571666e-24, 0.0, 0.0, 0.0, 1.6116461285738117e-24, 9.898211159312846e-07, -4.2117017257916775e-30, 0.0, 0.0, 0.0, 2.774607486457167e-24, -4.21188104403396e-30, 9.898211159312846e-07, 0.0, 0.0, 0.0, 0.0, 0.0, 0.0, 3.2188247641028595e-06
1492028611418694061,108011,1492028611,364525080,-0.115314807523,0.765546280982,0.0,0.0,0.0,-0.951355589651,0.30809502112,325.235026194514, 2.8341782739939743, 0.0, 0.0, 0.0, -144.94335128793125, 2.8341782739972907, 207.13733658348968, 0.0, 0.0, 0.0, -7.727739104668669, 0.0, 0.0, 9.982715037364493e-07, 3.772452184457494e-17, -1.4421965664541914e-15, 0.0, 0.0, 0.0, 3.7724521844574947e-17, 9.965547064065084e-07, 3.147662918419763e-23, 0.0, 0.0, 0.0, -1.442196566454191e-15, 3.147665948302381e-23, 9.965547064065073e-07, 0.0, -144.9433512879248, -7.727739104668474, 0.0, 0.0, 0.0, 216.02251464367703,0.0258708691158,0.000383668253161,0.0,0.0,0.0,1.55069766644,3.2241078204080126e-06, 0.0, 0.0, 0.0, 0.0, 0.0, 0.0, 3.2241078204080126e-06, 0.0, 0.0, 0.0, 0.0, 0.0, 0.0, 9.974117208362423e-07, 1.9053359893997455e-24, 2.8665401747735887e-24, 0.0, 0.0, 0.0, 1.905335989399744e-24, 9.898042953934604e-07, -5.134251208033978e-30, 0.0, 0.0, 0.0, 2.866540174773587e-24, -5.136720986911404e-30, 9.898042953934604e-07, 0.0, 0.0, 0.0, 0.0, 0.0, 0.0, 3.2134095121948466e-06
1492028611458773421,108012,1492028611,404602051,-0.116058805442,0.764949111214,0.0,0.0,0.0,-0.941675200232,0.33652313036,325.0670048615065, 2.938437939570497, 0.0, 0.0, 0.0, -144.81659321105764, 2.9384379395738063, 207.1510733432604, 0.0, 0.0, 0.0, -7.890027666628896, 0.0, 0.0, 9.983050730231919e-07, 3.1157050347122124e-17, -1.187375904627265e-15, 0.0, 0.0, 0.0, 3.115705034712212e-17, 9.966213720446146e-07, 2.1827353780110055e-23, 0.0, 0.0, 0.0, -1.1873759046272647e-15, 2.182737296135517e-23, 9.966213720446138e-07, 0.0, -144.81659321105116, -7.890027666628703, 0.0, 0.0, 0.0, 216.02491926330197,0.0218384756641,0.000325575457386,0.0,0.0,0.0,1.5262740101,3.288164752668936e-06, 0.0, 0.0, 0.0, 0.0, 0.0, 0.0, 3.288164752668936e-06, 0.0, 0.0, 0.0, 0.0, 0.0, 0.0, 9.974619029760596e-07, 1.706013944439259e-24, 2.2628480498533704e-24, 0.0, 0.0, 0.0, 1.706013944439259e-24, 9.89999004775855e-07, -3.701215238101671e-30, 0.0, 0.0, 0.0, 2.2628480498533704e-24, -3.699228927440248e-30, 9.89999004775855e-07, 0.0, 0.0, 0.0, 0.0, 0.0, 0.0, 3.2772347467282584e-06
1492028611458874318,108013,1492028611,444525957,-0.116700262323,0.764374789092,0.0,0.0,0.0,-0.931110536755,0.364737122246,324.90399401829956, 3.027257335388305, 0.0, 0.0, 0.0, -144.6934687211243, 3.0272573353916115, 207.16333632225744, 0.0, 0.0, 0.0, -8.029347957945877, 0.0, 0.0, 9.983446468179172e-07, 3.008206223684105e-17, -1.1383645274843806e-15, 0.0, 0.0, 0.0, 3.0082062236841054e-17, 9.966999721677852e-07, 2.068738672336053e-23, 0.0, 0.0, 0.0, -1.1383645274843807e-15, 2.0687425992109132e-23, 9.966999721677848e-07, 0.0, -144.69346872111782, -8.029347957945685, 0.0, 0.0, 0.0, 216.02731469902616,0.0202431795715,0.000302307894396,0.0,0.0,0.0,1.49522483948,3.3670055067226987e-06, 0.0, 0.0, 0.0, 0.0, 0.0, 0.0, 3.3670055067226987e-06, 0.0, 0.0, 0.0, 0.0, 0.0, 0.0, 9.97521065298285e-07, 1.759930167777008e-24, 2.0682739450237758e-24, 0.0, 0.0, 0.0, 1.759930167777008e-24, 9.902286886991937e-07, -3.5676521079300514e-30, 0.0, 0.0, 0.0, 2.068273945023776e-24, -3.568865772140205e-30, 9.902286886991937e-07, 0.0, 0.0, 0.0, 0.0, 0.0, 0.0, 3.3557840103638654e-06
1492028611498690698,108014,1492028611,444525957,-0.116700262323,0.764374789092,0.0,0.0,0.0,-0.931110536755,0.364737122246,324.90399401829956, 3.027257335388305, 0.0, 0.0, 0.0, -144.6934687211243, 3.0272573353916115, 207.16333632225744, 0.0, 0.0, 0.0, -8.029347957945877, 0.0, 0.0, 9.983446468179172e-07, 3.008206223684105e-17, -1.1383645274843806e-15, 0.0, 0.0, 0.0, 3.0082062236841054e-17, 9.966999721677852e-07, 2.068738672336053e-23, 0.0, 0.0, 0.0, -1.1383645274843807e-15, 2.0687425992109132e-23, 9.966999721677848e-07, 0.0, -144.69346872111782, -8.029347957945685, 0.0, 0.0, 0.0, 216.02731469902616,0.0202431795715,0.000302307894396,0.0,0.0,0.0,1.49522483948,3.3670055067226987e-06, 0.0, 0.0, 0.0, 0.0, 0.0, 0.0, 3.3670055067226987e-06, 0.0, 0.0, 0.0, 0.0, 0.0, 0.0, 9.97521065298285e-07, 1.759930167777008e-24, 2.0682739450237758e-24, 0.0, 0.0, 0.0, 1.759930167777008e-24, 9.902286886991937e-07, -3.5676521079300514e-30, 0.0, 0.0, 0.0, 2.068273945023776e-24, -3.568865772140205e-30, 9.902286886991937e-07, 0.0, 0.0, 0.0, 0.0, 0.0, 0.0, 3.3557840103638654e-06
1492028611519032277,108015,1492028611,484754086,-0.117261264295,0.763807522684,0.0,0.0,0.0,-0.919730605813,0.392550140403,324.74316046015474, 3.104386650503012, 0.0, 0.0, 0.0, -144.5718533627817, 3.104386650506314, 207.1744860584777, 0.0, 0.0, 0.0, -8.151353717257946, 0.0, 0.0, 9.983544663616058e-07, 2.667126719290349e-17, -1.0349373712485632e-15, 0.0, 0.0, 0.0, 2.6671267192903494e-17, 9.967194714562333e-07, 1.6774817929074068e-23, 0.0, 0.0, 0.0, -1.0349373712485634e-15, 1.6774822101011476e-23, 9.967194714562324e-07, 0.0, -144.57185336277522, -8.151353717257756, 0.0, 0.0, 0.0, 216.02972838811345,0.0184729342595,0.000278477327029,0.0,0.0,0.0,1.48719459417,3.3871678907048595e-06, 0.0, 0.0, 0.0, 0.0, 0.0, 0.0, 3.3871678907048595e-06, 0.0, 0.0, 0.0, 0.0, 0.0, 0.0, 9.975357462930192e-07, 1.711870994969528e-24, 1.7802596235318434e-24, 0.0, 0.0, 0.0, 1.711870994969528e-24, 9.90285727179522e-07, -3.0060477193177492e-30, 0.0, 0.0, 0.0, 1.7802596235318445e-24, -3.0069478273406936e-30, 9.90285727179522e-07, 0.0, 0.0, 0.0, 0.0, 0.0, 0.0, 3.3758784847950086e-06
1492028611558703226,108016,1492028611,524766922,-0.11774647537,0.763263953406,0.0,0.0,0.0,-0.907648548857,0.41973099928,324.5878602617643, 3.1699063018389415, 0.0, 0.0, 0.0, -144.45427992331193, 3.1699063018422398, 207.18443239330335, 0.0, 0.0, 0.0, -8.255972508420331, 0.0, 0.0, 9.981906149667967e-07, 2.2451433352574616e-17, -9.650895094451266e-16, 0.0, 0.0, 0.0, 2.2451433352574616e-17, 9.963940065488462e-07, 1.1975457421310384e-23, 0.0, 0.0, 0.0, -9.650895094451266e-16, 1.1975450530212672e-23, 9.963940065488456e-07, 0.0, -144.45427992330545, -8.255972508420143, 0.0, 0.0, 0.0, 216.03212915968615,0.0193743837319,0.000290012435862,0.0,0.0,0.0,1.62254763307,3.079517504529827e-06, 0.0, 0.0, 0.0, 0.0, 0.0, 0.0, 3.079517504529827e-06, 0.0, 0.0, 0.0, 0.0, 0.0, 0.0, 9.972908153723449e-07, 1.699878629838136e-24, 1.5529062231834528e-24, 0.0, 0.0, 0.0, 1.6998786298381357e-24, 9.89335642319628e-07, -2.3674395346687025e-30, 0.0, 0.0, 0.0, 1.5529062231834528e-24, -2.370240964430844e-30, 9.89335642319628e-07, 0.0, 0.0, 0.0, 0.0, 0.0, 0.0, 3.0693397111374304e-06
1492028611598653732,108017,1492028611,564986944,-0.118219760773,0.762663234038,0.0,0.0,0.0,-0.89443316429,0.447201648721,324.41625419787823, 3.2331452930937914, 0.0, 0.0, 0.0, -144.3243983700053, 3.2331452930970865, 207.1942945879556, 0.0, 0.0, 0.0, -8.3580620339372, 0.0, 0.0, 9.983357006133132e-07, 2.6039642215237662e-17, -1.0758525647178083e-15, 0.0, 0.0, 0.0, 2.603964221523767e-17, 9.966821585969515e-07, 1.683304776754079e-23, 0.0, 0.0, 0.0, -1.0758525647178091e-15, 1.683302229870015e-23, 9.96682158596951e-07, 0.0, -144.32439836999882, -8.358062033937014, 0.0, 0.0, 0.0, 216.03454236237107,0.0201883360014,0.00030076900557,0.0,0.0,0.0,1.48436232571,3.3488498048752314e-06, 0.0, 0.0, 0.0, 0.0, 0.0, 0.0, 3.3488498048752314e-06, 0.0, 0.0, 0.0, 0.0, 0.0, 0.0, 9.97507690359531e-07, 1.9910748896843656e-24, 1.6189922271676114e-24, 0.0, 0.0, 0.0, 1.9910748896843656e-24, 9.901767427156535e-07, -3.1459464489827264e-30, 0.0, 0.0, 0.0, 1.6189922271676116e-24, -3.1496857269135722e-30, 9.901767427156535e-07, 0.0, 0.0, 0.0, 0.0, 0.0, 0.0, 3.337692911745833e-06
1492028611638745252,108018,1492028611,604877949,-0.118730967821,0.761939945184,0.0,0.0,0.0,-0.880839917593,0.473414236767,324.2079748690162, 3.2998028507881596, 0.0, 0.0, 0.0, -144.16693569495519, 3.2998028507914503, 207.20477943411345, 0.0, 0.0, 0.0, -8.46707786787167, 0.0, 0.0, 9.983318881649716e-07, 2.9247663506053895e-17, -1.2744665498899373e-15, 0.0, 0.0, 0.0, 2.924766350605391e-17, 9.966745823201124e-07, 2.2346041574278033e-23, 0.0, 0.0, 0.0, -1.2744665498899375e-15, 2.234604929381451e-23, 9.966745823201116e-07, 0.0, -144.16693569494868, -8.467077867871486, 0.0, 0.0, 0.0, 216.0369358239943,0.0243975792083,0.000357216049016,0.0,0.0,0.0,1.47703579802,3.341188206886871e-06, 0.0, 0.0, 0.0, 0.0, 0.0, 0.0, 3.341188206886871e-06, 0.0, 0.0, 0.0, 0.0, 0.0, 0.0, 9.975019909077936e-07, 2.47234082921825e-24, 1.7717925141268432e-24, 0.0, 0.0, 0.0, 2.472340829218249e-24, 9.90154634024171e-07, -4.268733122310667e-30, 0.0, 0.0, 0.0, 1.7717925141268432e-24, -4.2650866846708875e-30, 9.90154634024171e-07, 0.0, 0.0, 0.0, 0.0, 0.0, 0.0, 3.330067539174094e-06
1492028611678664513,108019,1492028611,644860983,-0.119241276078,0.761098739647,0.0,0.0,0.0,-0.866584573874,0.49903023588,323.9679953233972, 3.3664615693864084, 0.0, 0.0, 0.0, -143.98551591765187, 3.3664615693896955, 207.21551127080508, 0.0, 0.0, 0.0, -8.577761911665123, 0.0, 0.0, 9.983231651621548e-07, 2.93981407343506e-17, -1.32428511483479e-15, 0.0, 0.0, 0.0, 2.9398140734350613e-17, 9.96657239040079e-07, 2.3217617131014548e-23, 0.0, 0.0, 0.0, -1.3242851148347902e-15, 2.3217616986840636e-23, 9.96657239040078e-07, 0.0, -143.98551591764533, -8.577761911664942, 0.0, 0.0, 0.0, 216.03933480740255,0.0238144463037,0.00034692810865,0.0,0.0,0.0,1.47535634307,3.3237440667875204e-06, 0.0, 0.0, 0.0, 0.0, 0.0, 0.0, 3.3237440667875204e-06, 0.0, 0.0, 0.0, 0.0, 0.0, 0.0, 9.97488949875392e-07, 2.672684258932295e-24, 1.684649152086298e-24, 0.0, 0.0, 0.0, 2.672684258932295e-24, 9.901039841139747e-07, -4.361093717081635e-30, 0.0, 0.0, 0.0, 1.684649152086299e-24, -4.3635340521270424e-30, 9.901039841139747e-07, 0.0, 0.0, 0.0, 0.0, 0.0, 0.0, 3.3126809703872354e-06
1492028611718726214,108020,1492028611,644860983,-0.119241276078,0.761098739647,0.0,0.0,0.0,-0.866584573874,0.49903023588,323.9679953233972, 3.3664615693864084, 0.0, 0.0, 0.0, -143.98551591765187, 3.3664615693896955, 207.21551127080508, 0.0, 0.0, 0.0, -8.577761911665123, 0.0, 0.0, 9.983231651621548e-07, 2.93981407343506e-17, -1.32428511483479e-15, 0.0, 0.0, 0.0, 2.9398140734350613e-17, 9.96657239040079e-07, 2.3217617131014548e-23, 0.0, 0.0, 0.0, -1.3242851148347902e-15, 2.3217616986840636e-23, 9.96657239040078e-07, 0.0, -143.98551591764533, -8.577761911664942, 0.0, 0.0, 0.0, 216.03933480740255,0.0238144463037,0.00034692810865,0.0,0.0,0.0,1.47535634307,3.3237440667875204e-06, 0.0, 0.0, 0.0, 0.0, 0.0, 0.0, 3.3237440667875204e-06, 0.0, 0.0, 0.0, 0.0, 0.0, 0.0, 9.97488949875392e-07, 2.672684258932295e-24, 1.684649152086298e-24, 0.0, 0.0, 0.0, 2.672684258932295e-24, 9.901039841139747e-07, -4.361093717081635e-30, 0.0, 0.0, 0.0, 1.684649152086299e-24, -4.3635340521270424e-30, 9.901039841139747e-07, 0.0, 0.0, 0.0, 0.0, 0.0, 0.0, 3.3126809703872354e-06
1492028611758699969,108021,1492028611,685008049,-0.119686699921,0.7602672532,0.0,0.0,0.0,-0.851831629411,0.523815688134,323.73042570837833, 3.423121754569605, 0.0, 0.0, 0.0, -143.80566933573454, 3.4231217545728865, 207.22517236988315, 0.0, 0.0, 0.0, -8.673610418600418, 0.0, 0.0, 9.98223808070258e-07, 2.617931589546712e-17, -1.2759995659025031e-15, 0.0, 0.0, 0.0, 2.6179315895467113e-17, 9.964598825359055e-07, 1.8807291390450932e-23, 0.0, 0.0, 0.0, -1.2759995659025035e-15, 1.880728928316459e-23, 9.964598825359047e-07, 0.0, -143.805669335728, -8.67361041860024, 0.0, 0.0, 0.0, 216.04174363276326,0.0252832612473,0.000368903641513,0.0,0.0,0.0,1.55213067291,3.1372515691831556e-06, 0.0, 0.0, 0.0, 0.0, 0.0, 0.0, 3.1372515691831556e-06, 0.0, 0.0, 0.0, 0.0, 0.0, 0.0, 9.973404270787827e-07, 2.6691715406562656e-24, 1.4627936801067803e-24, 0.0, 0.0, 0.0, 2.6691715406562653e-24, 9.89527857653867e-07, -3.5722574247168245e-30, 0.0, 0.0, 0.0, 1.4627936801067803e-24, -3.5711185686894616e-30, 9.89527857653867e-07, 0.0, 0.0, 0.0, 0.0, 0.0, 0.0, 3.1268628565888e-06
1492028611758732350,108022,1492028611,725132942,-0.120119399205,0.759333842902,0.0,0.0,0.0,-0.835931471279,0.548833832162,323.4636916230111, 3.4767099637568064, 0.0, 0.0, 0.0, -143.60365996919214, 3.4767099637600847, 207.23467161310703, 0.0, 0.0, 0.0, -8.766431788109852, 0.0, 0.0, 9.983474253651638e-07, 2.914502665546216e-17, -1.4183599217095579e-15, 0.0, 0.0, 0.0, 2.9145026655462153e-17, 9.967054282863064e-07, 2.5014751520557257e-23, 0.0, 0.0, 0.0, -1.4183599217095577e-15, 2.5014718271314735e-23, 9.96705428286305e-07, 0.0, -143.6036599691856, -8.766431788109676, 0.0, 0.0, 0.0, 216.0441511277016,0.0275067451634,0.000400155670695,0.0,0.0,0.0,1.44614002778,3.372697975761227e-06, 0.0, 0.0, 0.0, 0.0, 0.0, 0.0, 3.372697975761227e-06, 0.0, 0.0, 0.0, 0.0, 0.0, 0.0, 9.975252195872944e-07, 3.0569928920153242e-24, 1.4535375363284728e-24, 0.0, 0.0, 0.0, 3.0569928920153257e-24, 9.902448452505458e-07, -4.366501633725298e-30, 0.0, 0.0, 0.0, 1.4535375363284728e-24, -4.365144499780057e-30, 9.902448452505458e-07, 0.0, 0.0, 0.0, 0.0, 0.0, 0.0, 3.3614636819619683e-06
1492028611798742923,108023,1492028611,765779972,-0.120552659456,0.758224110802,0.0,0.0,0.0,-0.819327613317,0.573325616082,323.1471333546235, 3.5290138209888333, 0.0, 0.0, 0.0, -143.36380721169627, 3.529013820992109, 207.2443312257326, 0.0, 0.0, 0.0, -8.85991871974234, 0.0, 0.0, 9.984487844585927e-07, 3.0684594669695574e-17, -1.5158726340563167e-15, 0.0, 0.0, 0.0, 3.0684594669695574e-17, 9.96906865955079e-07, 2.9985861314911314e-23, 0.0, 0.0, 0.0, -1.515872634056317e-15, 2.9985867498819587e-23, 9.969068659550777e-07, 0.0, -143.36380721168973, -8.859918719742165, 0.0, 0.0, 0.0, 216.04658995089932,0.0284300740127,0.000414753017623,0.0,0.0,0.0,1.36500021509,3.5937855911720076e-06, 0.0, 0.0, 0.0, 0.0, 0.0, 0.0, 3.5937855911720076e-06, 0.0, 0.0, 0.0, 0.0, 0.0, 0.0, 9.97676773274988e-07, 3.357117703276077e-24, 1.3618940449124607e-24, 0.0, 0.0, 0.0, 3.357117703276076e-24, 9.908340779303665e-07, -4.784202212218275e-30, 0.0, 0.0, 0.0, 1.36189404491246e-24, -4.78481411504142e-30, 9.908340779303665e-07, 0.0, 0.0, 0.0, 0.0, 0.0, 0.0, 3.5817732126827543e-06
1492028611819026225,108024,1492028611,805757046,-0.120924804534,0.757062424968,0.0,0.0,0.0,-0.801965084273,0.597370909575,322.8167438008535, 3.572528389987243, 0.0, 0.0, 0.0, -143.1131354305946, 3.5725283899905165, 207.25302125988892, 0.0, 0.0, 0.0, -8.941128202822924, 0.0, 0.0, 9.984356973842311e-07, 3.345565478950743e-17, -1.6655792918148803e-15, 0.0, 0.0, 0.0, 3.3455654789507424e-17, 9.968808063811568e-07, 3.5621962444376405e-23, 0.0, 0.0, 0.0, -1.66557929181488e-15, 3.562198042501485e-23, 9.968808063811548e-07, 0.0, -143.11313543058807, -8.94112820282275, 0.0, 0.0, 0.0, 216.04898857667195,0.0269283146853,0.000397386331265,0.0,0.0,0.0,1.38998848266,3.5635632480858313e-06, 0.0, 0.0, 0.0, 0.0, 0.0, 0.0, 3.5635632480858313e-06, 0.0, 0.0, 0.0, 0.0, 0.0, 0.0, 9.97657202606018e-07, 3.757374798962055e-24, 1.2777049799623415e-24, 0.0, 0.0, 0.0, 3.757374798962056e-24, 9.907578322599907e-07, -4.9833675907993876e-30, 0.0, 0.0, 0.0, 1.2777049799623406e-24, -4.984439845098367e-30, 9.907578322599907e-07, 0.0, 0.0, 0.0, 0.0, 0.0, 0.0, 3.5516213021838498e-06
1492028611862686326,108025,1492028611,845361948,-0.121196169863,0.756003053557,0.0,0.0,0.0,-0.784116921723,0.620613126728,322.51605648986254, 3.6023449286928204, 0.0, 0.0, 0.0, -142.8844926734618, 3.602344928696093, 207.25993364286546, 0.0, 0.0, 0.0, -9.000520105669585, 0.0, 0.0, 9.98360602186302e-07, 2.706962331765668e-17, -1.4504855072382394e-15, 0.0, 0.0, 0.0, 2.7069623317656687e-17, 9.9673157687069e-07, 2.395061188136711e-23, 0.0, 0.0, 0.0, -1.4504855072382394e-15, 2.39506084986457e-23, 9.967315768706888e-07, 0.0, -142.88449267345524, -9.00052010566941, 0.0, 0.0, 0.0, 216.05136487214068,0.0254651435341,0.00037778225387,0.0,0.0,0.0,1.46655197253,3.3998738668626032e-06, 0.0, 0.0, 0.0, 0.0, 0.0, 0.0, 3.3998738668626032e-06, 0.0, 0.0, 0.0, 0.0, 0.0, 0.0, 9.975449197556542e-07, 3.337993874942761e-24, 9.084968100440587e-25, 0.0, 0.0, 0.0, 3.337993874942761e-24, 9.90321349784934e-07, -3.0039828983746537e-30, 0.0, 0.0, 0.0, 9.084968100440588e-25, -3.003710719444678e-30, 9.90321349784934e-07, 0.0, 0.0, 0.0, 0.0, 0.0, 0.0, 3.3885332553555606e-06
1492028611902722244,108026,1492028611,845361948,-0.121196169863,0.756003053557,0.0,0.0,0.0,-0.784116921723,0.620613126728,322.51605648986254, 3.6023449286928204, 0.0, 0.0, 0.0, -142.8844926734618, 3.602344928696093, 207.25993364286546, 0.0, 0.0, 0.0, -9.000520105669585, 0.0, 0.0, 9.98360602186302e-07, 2.706962331765668e-17, -1.4504855072382394e-15, 0.0, 0.0, 0.0, 2.7069623317656687e-17, 9.9673157687069e-07, 2.395061188136711e-23, 0.0, 0.0, 0.0, -1.4504855072382394e-15, 2.39506084986457e-23, 9.967315768706888e-07, 0.0, -142.88449267345524, -9.00052010566941, 0.0, 0.0, 0.0, 216.05136487214068,0.0254651435341,0.00037778225387,0.0,0.0,0.0,1.46655197253,3.3998738668626032e-06, 0.0, 0.0, 0.0, 0.0, 0.0, 0.0, 3.3998738668626032e-06, 0.0, 0.0, 0.0, 0.0, 0.0, 0.0, 9.975449197556542e-07, 3.337993874942761e-24, 9.084968100440587e-25, 0.0, 0.0, 0.0, 3.337993874942761e-24, 9.90321349784934e-07, -3.0039828983746537e-30, 0.0, 0.0, 0.0, 9.084968100440588e-25, -3.003710719444678e-30, 9.90321349784934e-07, 0.0, 0.0, 0.0, 0.0, 0.0, 0.0, 3.3885332553555606e-06
1492028611942754619,108027,1492028611,885319948,-0.121388569189,0.755012628218,0.0,0.0,0.0,-0.765339525849,0.643626763096,322.23544975292066, 3.6213139823370795, 0.0, 0.0, 0.0, -142.67067280684563, 3.621313982340349, 207.26545702908453, 0.0, 0.0, 0.0, -9.042734774103925, 0.0, 0.0, 9.983320473575336e-07, 2.3395437008763083e-17, -1.3155735688649332e-15, 0.0, 0.0, 0.0, 2.3395437008763068e-17, 9.966748425959363e-07, 1.8453062938551707e-23, 0.0, 0.0, 0.0, -1.3155735688649336e-15, 1.8453057365280588e-23, 9.966748425959357e-07, 0.0, -142.67067280683906, -9.042734774103751, 0.0, 0.0, 0.0, 216.0537623535129,0.0242323535618,0.000363384133245,0.0,0.0,0.0,1.50706781252,3.3415063520505724e-06, 0.0, 0.0, 0.0, 0.0, 0.0, 0.0, 3.3415063520505724e-06, 0.0, 0.0, 0.0, 0.0, 0.0, 0.0, 9.975022288779905e-07, 3.0736010122386032e-24, 6.382525339553445e-25, 0.0, 0.0, 0.0, 3.0736010122386017e-24, 9.90155555555913e-07, -1.9098900514039495e-30, 0.0, 0.0, 0.0, 6.382525339553439e-25, -1.9103539118865244e-30, 9.90155555555913e-07, 0.0, 0.0, 0.0, 0.0, 0.0, 0.0, 3.330383590702182e-06
1492028611986726657,108028,1492028611,925453901,-0.121506020442,0.754094702311,0.0,0.0,0.0,-0.745560563145,0.666437879087,321.9760943480499, 3.6308193948394267, 0.0, 0.0, 0.0, -142.4726373262163, 3.6308193948426926, 207.26972585905503, 0.0, 0.0, 0.0, -9.069718687037511, 0.0, 0.0, 9.983501945096752e-07, 1.950750822325159e-17, -1.1434764909573494e-15, 0.0, 0.0, 0.0, 1.9507508223251588e-17, 9.96710894670465e-07, 1.352078036061927e-23, 0.0, 0.0, 0.0, -1.1434764909573498e-15, 1.3520802591857322e-23, 9.96710894670464e-07, 0.0, -142.47263732620974, -9.069718687037337, 0.0, 0.0, 0.0, 216.05617039206854,0.0203236135855,0.000305811925535,0.0,0.0,0.0,1.49862991148,3.3783788128491115e-06, 0.0, 0.0, 0.0, 0.0, 0.0, 0.0, 3.3783788128491115e-06, 0.0, 0.0, 0.0, 0.0, 0.0, 0.0, 9.97529359672251e-07, 2.7007657804651396e-24, 3.914885031406625e-25, 0.0, 0.0, 0.0, 2.7007657804651392e-24, 9.902609301598902e-07, -1.04101505941382e-30, 0.0, 0.0, 0.0, 3.9148850314066247e-25, -1.0404790414559553e-30, 9.902609301598902e-07, 0.0, 0.0, 0.0, 0.0, 0.0, 0.0, 3.3671254790878853e-06
1492028611986756919,108029,1492028611,965367079,-0.121560496921,0.753322879706,0.0,0.0,0.0,-0.725185382639,0.688553673148,321.75841066905133, 3.6320893500973286, 0.0, 0.0, 0.0, -142.30597007982772, 3.6320893501005926, 207.27277594009848, 0.0, 0.0, 0.0, -9.082269155384168, 0.0, 0.0, 9.983302145392904e-07, 1.5857040017600365e-17, -9.873106032433136e-16, 0.0, 0.0, 0.0, 1.5857040017600368e-17, 9.966711861345391e-07, 9.376063498055183e-24, 0.0, 0.0, 0.0, -9.873106032433132e-16, 9.376064160368949e-24, 9.966711861345385e-07, 0.0, -142.30597007982115, -9.082269155383994, 0.0, 0.0, 0.0, 216.05856518407342,0.018495651765,0.000278521556059,0.0,0.0,0.0,1.5126208207,3.3378130667583658e-06, 0.0, 0.0, 0.0, 0.0, 0.0, 0.0, 3.3378130667583658e-06, 0.0, 0.0, 0.0, 0.0, 0.0, 0.0, 9.974994885838298e-07, 2.3464329567725466e-24, 1.949168475632849e-25, 0.0, 0.0, 0.0, 2.3464329567725455e-24, 9.90144893431815e-07, -4.449748665635911e-31, 0.0, 0.0, 0.0, 1.949168475632849e-25, -4.446702484907834e-31, 9.90144893431815e-07, 0.0, 0.0, 0.0, 0.0, 0.0, 0.0, 3.32669579095169e-06
1492028612026707415,108030,1492028612,5527020,-0.121576524879,0.752552092564,0.0,0.0,0.0,-0.704073412635,0.710127192565,321.5411547805513, 3.626582391574271, 0.0, 0.0, 0.0, -142.13942126570765, 3.626582391577534, 207.2749748922718, 0.0, 0.0, 0.0, -9.08454023015922, 0.0, 0.0, 9.983567099182013e-07, 1.639075893588819e-17, -1.0839647046813141e-15, 0.0, 0.0, 0.0, 1.6390758935888184e-17, 9.967238335536378e-07, 1.0811952382428682e-23, 0.0, 0.0, 0.0, -1.0839647046813137e-15, 1.081195266201738e-23, 9.967238335536371e-07, 0.0, -142.1394212657011, -9.084540230159046, 0.0, 0.0, 0.0, 216.06097478188738,0.0221724689524,0.00033261777333,0.0,0.0,0.0,1.48599895369,3.391804921783556e-06, 0.0, 0.0, 0.0, 0.0, 0.0, 0.0, 3.391804921783556e-06, 0.0, 0.0, 0.0, 0.0, 0.0, 0.0, 9.975391005770003e-07, 2.5853332802931776e-24, 5.628341533192912e-26, 0.0, 0.0, 0.0, 2.585333280293177e-24, 9.902987554113286e-07, -1.4385835618978058e-31, 0.0, 0.0, 0.0, 5.628341533192912e-26, -1.4376585103893685e-31, 9.902987554113286e-07, 0.0, 0.0, 0.0, 0.0, 0.0, 0.0, 3.380497991915548e-06
1492028612052273793,108031,1492028612,45530081,-0.121542295292,0.751544864375,0.0,0.0,0.0,-0.682547169104,0.730841543666,321.2572635306524, 3.610665907663322, 0.0, 0.0, 0.0, -141.92196739567683, 3.610665907666584, 207.27610839090949, 0.0, 0.0, 0.0, -9.074228370355117, 0.0, 0.0, 9.983150412862875e-07, 2.1676153769008942e-17, -1.5243593345541393e-15, 0.0, 0.0, 0.0, 2.1676153769008942e-17, 9.966410496593745e-07, 1.9610304942811227e-23, 0.0, 0.0, 0.0, -1.5243593345541399e-15, 1.9610305854159772e-23, 9.96641049659373e-07, 0.0, -141.92196739567026, -9.074228370354943, 0.0, 0.0, 0.0, 216.06337496693357,0.0311128162489,0.00046665138595,0.0,0.0,0.0,1.52309282746,3.3076756192019986e-06, 0.0, 0.0, 0.0, 0.0, 0.0, 0.0, 3.3076756192019986e-06, 0.0, 0.0, 0.0, 0.0, 0.0, 0.0, 9.974768049738485e-07, 3.633932750540324e-24, -1.4435817724283028e-25, 0.0, 0.0, 0.0, 3.633932750540326e-24, 9.900568443097873e-07, 5.059786529890582e-31, 0.0, 0.0, 0.0, -1.4435817724283032e-25, 5.058986141360675e-31, 9.900568443097873e-07, 0.0, 0.0, 0.0, 0.0, 0.0, 0.0, 3.2966738345941465e-06
1492028612090876250,108032,1492028612,45530081,-0.121542295292,0.751544864375,0.0,0.0,0.0,-0.682547169104,0.730841543666,321.2572635306524, 3.610665907663322, 0.0, 0.0, 0.0, -141.92196739567683, 3.610665907666584, 207.27610839090949, 0.0, 0.0, 0.0, -9.074228370355117, 0.0, 0.0, 9.983150412862875e-07, 2.1676153769008942e-17, -1.5243593345541393e-15, 0.0, 0.0, 0.0, 2.1676153769008942e-17, 9.966410496593745e-07, 1.9610304942811227e-23, 0.0, 0.0, 0.0, -1.5243593345541399e-15, 1.9610305854159772e-23, 9.96641049659373e-07, 0.0, -141.92196739567026, -9.074228370354943, 0.0, 0.0, 0.0, 216.06337496693357,0.0311128162489,0.00046665138595,0.0,0.0,0.0,1.52309282746,3.3076756192019986e-06, 0.0, 0.0, 0.0, 0.0, 0.0, 0.0, 3.3076756192019986e-06, 0.0, 0.0, 0.0, 0.0, 0.0, 0.0, 9.974768049738485e-07, 3.633932750540324e-24, -1.4435817724283028e-25, 0.0, 0.0, 0.0, 3.633932750540326e-24, 9.900568443097873e-07, 5.059786529890582e-31, 0.0, 0.0, 0.0, -1.4435817724283032e-25, 5.058986141360675e-31, 9.900568443097873e-07, 0.0, 0.0, 0.0, 0.0, 0.0, 0.0, 3.2966738345941465e-06
1492028612130750906,108033,1492028612,85658073,-0.121406728791,0.750287774714,0.0,0.0,0.0,-0.660191135393,0.751097639956,320.9027117630777, 3.580280470890343, 0.0, 0.0, 0.0, -141.6502924316582, 3.5802804708936056, 207.2756874719746, 0.0, 0.0, 0.0, -9.045284067823118, 0.0, 0.0, 9.983482453427955e-07, 2.2667973239405026e-17, -1.7065871016383147e-15, 0.0, 0.0, 0.0, 2.266797323940503e-17, 9.967070198634102e-07, 2.3420690637996023e-23, 0.0, 0.0, 0.0, -1.7065871016383153e-15, 2.3420693791539293e-23, 9.967070198634085e-07, 0.0, -141.6502924316516, -9.045284067822944, 0.0, 0.0, 0.0, 216.06578264785773,0.0306279183742,0.00045776040424,0.0,0.0,0.0,1.48902026282,3.374373921924316e-06, 0.0, 0.0, 0.0, 0.0, 0.0, 0.0, 3.374373921924316e-06, 0.0, 0.0, 0.0, 0.0, 0.0, 0.0, 9.975264454536078e-07, 4.051184801067481e-24, -4.082886240594396e-25, 0.0, 0.0, 0.0, 4.0511848010674835e-24, 9.902496016438152e-07, 1.6272624422801673e-30, 0.0, 0.0, 0.0, -4.0828862405943982e-25, 1.6260648676682375e-30, 9.902496016438152e-07, 0.0, 0.0, 0.0, 0.0, 0.0, 0.0, 3.3631316892166733e-06
1492028612170661981,108034,1492028612,125688076,-0.121209182417,0.749152926386,0.0,0.0,0.0,-0.63744899322,0.770492557422,320.582972906288, 3.543208904410101, 0.0, 0.0, 0.0, -141.4046957697808, 3.543208904413367, 207.27426934810006, 0.0, 0.0, 0.0, -9.004348797889337, 0.0, 0.0, 9.98339219763452e-07, 1.7806139754580228e-17, -1.438328955463686e-15, 0.0, 0.0, 0.0, 1.7806139754580228e-17, 9.966890923290778e-07, 1.5421255102184043e-23, 0.0, 0.0, 0.0, -1.438328955463686e-15, 1.5421264594590192e-23, 9.966890923290763e-07, 0.0, -141.4046957697742, -9.004348797889163, 0.0, 0.0, 0.0, 216.06818444937818,0.0256139963296,0.000382439756154,0.0,0.0,0.0,1.49334432805,3.3559818795141974e-06, 0.0, 0.0, 0.0, 0.0, 0.0, 0.0, 3.3559818795141974e-06, 0.0, 0.0, 0.0, 0.0, 0.0, 0.0, 9.975129518030942e-07, 3.3872889236547394e-24, -5.514638336051833e-25, 0.0, 0.0, 0.0, 3.387288923654739e-24, 9.901971966528405e-07, 1.8252611022451066e-30, 0.0, 0.0, 0.0, -5.51463833605183e-25, 1.8270966662526493e-30, 9.901971966528405e-07, 0.0, 0.0, 0.0, 0.0, 0.0, 0.0, 3.3448070510196694e-06
1492028612210681694,108035,1492028612,165739059,-0.120994198028,0.74824059518,0.0,0.0,0.0,-0.614332362311,0.789047367791,320.3266073019963, 3.5054953260048736, 0.0, 0.0, 0.0, -141.20716210401528, 3.505495326008142, 207.2725214038411, 0.0, 0.0, 0.0, -8.959237234679478, 0.0, 0.0, 9.982761497424174e-07, 1.3681802190355438e-17, -1.1711998467061442e-15, 0.0, 0.0, 0.0, 1.3681802190355441e-17, 9.965638020213303e-07, 9.295613946472534e-24, 0.0, 0.0, 0.0, -1.1711998467061444e-15, 9.295628826417932e-24, 9.965638020213295e-07, 0.0, -141.20716210400866, -8.959237234679303, 0.0, 0.0, 0.0, 216.0705875097616,0.0215662811667,0.000323304818472,0.0,0.0,0.0,1.54956584026,3.2328178840009075e-06, 0.0, 0.0, 0.0, 0.0, 0.0, 0.0, 3.2328178840009075e-06, 0.0, 0.0, 0.0, 0.0, 0.0, 0.0, 9.974186657722334e-07, 2.724908203264111e-24, -6.159714025408663e-25, 0.0, 0.0, 0.0, 2.724908203264112e-24, 9.898312253906064e-07, 1.583797300383696e-30, 0.0, 0.0, 0.0, -6.159714025408668e-25, 1.5804323514201466e-30, 9.898312253906064e-07, 0.0, 0.0, 0.0, 0.0, 0.0, 0.0, 3.2220844236651864e-06
1492028612250747287,108036,1492028612,205790043,-0.120771830486,0.74749930138,0.0,0.0,0.0,-0.590303783431,0.807181171279,320.11880355584776, 3.4681962986885946, 0.0, 0.0, 0.0, -141.04655076271612, 3.4681962986918657, 207.27064173631692, 0.0, 0.0, 0.0, -8.912300244328584, 0.0, 0.0, 9.983152037088796e-07, 1.0478345667041481e-17, -9.757954359287905e-16, 0.0, 0.0, 0.0, 1.0478345667041476e-17, 9.966413860518074e-07, 6.068842022470696e-24, 0.0, 0.0, 0.0, -9.757954359287899e-16, 6.068840419278462e-24, 9.96641386051807e-07, 0.0, -141.0465507627095, -8.91230024432841, 0.0, 0.0, 0.0, 216.07299057012506,0.0179751120909,0.00027019413572,0.0,0.0,0.0,1.51756264873,3.307993570606016e-06, 0.0, 0.0, 0.0, 0.0, 0.0, 0.0, 3.307993570606016e-06, 0.0, 0.0, 0.0, 0.0, 0.0, 0.0, 9.974770477619218e-07, 2.235304117281473e-24, -6.496543296069214e-25, 0.0, 0.0, 0.0, 2.2353041172814744e-24, 9.900577839559657e-07, 1.401270655570059e-30, 0.0, 0.0, 0.0, -6.496543296069216e-25, 1.3994994342900199e-30, 9.900577839559657e-07, 0.0, 0.0, 0.0, 0.0, 0.0, 0.0, 3.2969895921812522e-06
1492028612290729450,108037,1492028612,245839119,-0.120530806616,0.746824815608,0.0,0.0,0.0,-0.565746618996,0.824579143015,319.93089674125275, 3.428016261725516, 0.0, 0.0, 0.0, -140.90101151961386, 3.4280162617287884, 207.26833335549475, 0.0, 0.0, 0.0, -8.859889202753928, 0.0, 0.0, 9.983482843258096e-07, 9.607982892945487e-18, -9.91588482295267e-16, 0.0, 0.0, 0.0, 9.607982892945487e-18, 9.96707112736535e-07, 5.768054488633127e-24, 0.0, 0.0, 0.0, -9.915884822952664e-16, 5.7680651381891435e-24, 9.967071127365344e-07, 0.0, -140.90101151960724, -8.859889202753754, 0.0, 0.0, 0.0, 216.0753935160483,0.0194626014433,0.000291460394462,0.0,0.0,0.0,1.48935248314,3.3744481872951565e-06, 0.0, 0.0, 0.0, 0.0, 0.0, 0.0, 3.3744481872951565e-06, 0.0, 0.0, 0.0, 0.0, 0.0, 0.0, 9.975265036535334e-07, 2.2271011895763946e-24, -7.9640061457042325e-25, 0.0, 0.0, 0.0, 2.227101189576394e-24, 9.90249819314696e-07, 1.7413200522063566e-30, 0.0, 0.0, 0.0, -7.9640061457042325e-25, 1.7446501921868786e-30, 9.90249819314696e-07, 0.0, 0.0, 0.0, 0.0, 0.0, 0.0, 3.3632026001075926e-06
1492028612290761320,108038,1492028612,245839119,-0.120530806616,0.746824815608,0.0,0.0,0.0,-0.565746618996,0.824579143015,319.93089674125275, 3.428016261725516, 0.0, 0.0, 0.0, -140.90101151961386, 3.4280162617287884, 207.26833335549475, 0.0, 0.0, 0.0, -8.859889202753928, 0.0, 0.0, 9.983482843258096e-07, 9.607982892945487e-18, -9.91588482295267e-16, 0.0, 0.0, 0.0, 9.607982892945487e-18, 9.96707112736535e-07, 5.768054488633127e-24, 0.0, 0.0, 0.0, -9.915884822952664e-16, 5.7680651381891435e-24, 9.967071127365344e-07, 0.0, -140.90101151960724, -8.859889202753754, 0.0, 0.0, 0.0, 216.0753935160483,0.0194626014433,0.000291460394462,0.0,0.0,0.0,1.48935248314,3.3744481872951565e-06, 0.0, 0.0, 0.0, 0.0, 0.0, 0.0, 3.3744481872951565e-06, 0.0, 0.0, 0.0, 0.0, 0.0, 0.0, 9.975265036535334e-07, 2.2271011895763946e-24, -7.9640061457042325e-25, 0.0, 0.0, 0.0, 2.227101189576394e-24, 9.90249819314696e-07, 1.7413200522063566e-30, 0.0, 0.0, 0.0, -7.9640061457042325e-25, 1.7446501921868786e-30, 9.90249819314696e-07, 0.0, 0.0, 0.0, 0.0, 0.0, 0.0, 3.3632026001075926e-06
1492028612330734325,108039,1492028612,285959005,-0.1202012279,0.746040786877,0.0,0.0,0.0,-0.54084434898,0.841122696268,319.7132704348382, 3.373854139912109, 0.0, 0.0, 0.0, -140.73250408148274, 3.3738541399153856, 207.2644140694662, 0.0, 0.0, 0.0, -8.787338821068799, 0.0, 0.0, 9.983350664882228e-07, 1.1205457661409744e-17, -1.2549739373978512e-15, 0.0, 0.0, 0.0, 1.1205457661409741e-17, 9.966808615048995e-07, 8.44635823991829e-24, 0.0, 0.0, 0.0, -1.2549739373978514e-15, 8.446349979797351e-24, 9.966808615048984e-07, 0.0, -140.73250408147612, -8.787338821068623, 0.0, 0.0, 0.0, 216.07780071060714,0.0251451994315,0.000376964109705,0.0,0.0,0.0,1.49971207691,3.347582042482507e-06, 0.0, 0.0, 0.0, 0.0, 0.0, 0.0, 3.347582042482507e-06, 0.0, 0.0, 0.0, 0.0, 0.0, 0.0, 9.975067425000837e-07, 2.752543483165601e-24, -1.1779053985851446e-24, 0.0, 0.0, 0.0, 2.7525434831656016e-24, 9.90173079453573e-07, 3.164286681697115e-30, 0.0, 0.0, 0.0, -1.1779053985851438e-24, 3.1633574978792115e-30, 9.90173079453573e-07, 0.0, 0.0, 0.0, 0.0, 0.0, 0.0, 3.3364361167653926e-06
1492028612352253354,108040,1492028612,325964928,-0.119733596109,0.745107991494,0.0,0.0,0.0,-0.515402968815,0.85694794459,319.45310200027063, 3.2998146694992783, 0.0, 0.0, 0.0, -140.53109486381945, 3.299814669502556, 207.2582268359665, 0.0, 0.0, 0.0, -8.686090737279956, 0.0, 0.0, 9.983424881703654e-07, 1.1747639658963263e-17, -1.4512009567010376e-15, 0.0, 0.0, 0.0, 1.1747639658963255e-17, 9.96695616072129e-07, 1.0285443781558927e-23, 0.0, 0.0, 0.0, -1.4512009567010374e-15, 1.028540892617509e-23, 9.966956160721277e-07, 0.0, -140.53109486381283, -8.686090737279777, 0.0, 0.0, 0.0, 216.0802010673053,0.0263842577923,0.000394089569301,0.0,0.0,0.0,1.49416172494,3.362618685483724e-06, 0.0, 0.0, 0.0, 0.0, 0.0, 0.0, 3.362618685483724e-06, 0.0, 0.0, 0.0, 0.0, 0.0, 0.0, 9.975178381871724e-07, 3.094680294952268e-24, -1.5526947607377906e-24, 0.0, 0.0, 0.0, 3.094680294952267e-24, 9.902161723746527e-07, 4.705106414016739e-30, 0.0, 0.0, 0.0, -1.55269476073779e-24, 4.706482380935439e-30, 9.902161723746527e-07, 0.0, 0.0, 0.0, 0.0, 0.0, 0.0, 3.3514193643108113e-06
1492028612390701280,108041,1492028612,366415024,-0.119244328654,0.744281899313,0.0,0.0,0.0,-0.489270976179,0.872131820236,319.22103048015, 3.224952999179845, 0.0, 0.0, 0.0, -140.3510076199649, 3.2249529991831243, 207.25192941875608, 0.0, 0.0, 0.0, -8.581980788886419, 0.0, 0.0, 9.983964043296414e-07, 7.854244734241017e-18, -1.1370926028041785e-15, 0.0, 0.0, 0.0, 7.854244734241017e-18, 9.968027658820706e-07, 5.5693609863193704e-24, 0.0, 0.0, 0.0, -1.1370926028041789e-15, 5.56936151568529e-24, 9.968027658820695e-07, 0.0, -140.35100761995827, -8.581980788886236, 0.0, 0.0, 0.0, 216.08262807446783,0.0189735879636,0.000285381610605,0.0,0.0,0.0,1.44781764751,3.476037732389033e-06, 0.0, 0.0, 0.0, 0.0, 0.0, 0.0, 3.476037732389033e-06, 0.0, 0.0, 0.0, 0.0, 0.0, 0.0, 9.97598449807389e-07, 2.3476008574291635e-24, -1.3630273207793455e-24, 0.0, 0.0, 0.0, 2.3476008574291654e-24, 9.9052942272625e-07, 3.240156651217488e-30, 0.0, 0.0, 0.0, -1.3630273207793462e-24, 3.239927576713895e-30, 9.9052942272625e-07, 0.0, 0.0, 0.0, 0.0, 0.0, 0.0, 3.4644374606078547e-06
1492028612430718069,108042,1492028612,406204939,-0.118846907886,0.743690799008,0.0,0.0,0.0,-0.462894745434,0.886413252749,319.05602718662243, 3.164601671700985, 0.0, 0.0, 0.0, -140.22239818947642, 3.1646016717042666, 207.2471903629642, 0.0, 0.0, 0.0, -8.49685028483746, 0.0, 0.0, 9.983628287917531e-07, 5.334558165279484e-18, -9.708310101418086e-16, 0.0, 0.0, 0.0, 5.3345581652794835e-18, 9.967360268646925e-07, 3.163317119318618e-24, 0.0, 0.0, 0.0, -9.708310101418088e-16, 3.1633233154685832e-24, 9.967360268646918e-07, 0.0, -140.2223981894698, -8.496850284837276, 0.0, 0.0, 0.0, 216.08501547071702,0.0151521407044,0.000227211631371,0.0,0.0,0.0,1.47730813196,3.4044801582561546e-06, 0.0, 0.0, 0.0, 0.0, 0.0, 0.0, 3.4044801582561546e-06, 0.0, 0.0, 0.0, 0.0, 0.0, 0.0, 9.975482482508826e-07, 1.9255962187186178e-24, -1.2795523244129195e-24, 0.0, 0.0, 0.0, 1.9255962187186178e-24, 9.903342297784009e-07, 2.4435087940803605e-30, 0.0, 0.0, 0.0, -1.2795523244129193e-24, 2.4453145361357985e-30, 9.903342297784009e-07, 0.0, 0.0, 0.0, 0.0, 0.0, 0.0, 3.393105489416866e-06
1492028612470694282,108043,1492028612,446381092,-0.118503460921,0.743240998625,0.0,0.0,0.0,-0.436086013812,0.899904988628,318.9309507749213, 3.11296368258542, 0.0, 0.0, 0.0, -140.1244433766201, 3.112963682588705, 207.2434289896747, 0.0, 0.0, 0.0, -8.423159114413648, 0.0, 0.0, 9.98372283078243e-07, 3.956044756107935e-18, -7.307696484477158e-16, 0.0, 0.0, 0.0, 3.9560447561079386e-18, 9.96754843824262e-07, 1.7760735158680827e-24, 0.0, 0.0, 0.0, -7.307696484477158e-16, 1.7760888988122163e-24, 9.967548438242617e-07, 0.0, -140.12444337661347, -8.423159114413464, 0.0, 0.0, 0.0, 216.0874260412827,0.0120380761769,0.000178929143607,0.0,0.0,0.0,1.46707028208,3.4243498989768326e-06, 0.0, 0.0, 0.0, 0.0, 0.0, 0.0, 3.4243498989768326e-06, 0.0, 0.0, 0.0, 0.0, 0.0, 0.0, 9.975623841041564e-07, 1.3902189900392621e-24, -1.0512397418766736e-24, 0.0, 0.0, 0.0, 1.3902189900392618e-24, 9.903892123897892e-07, 1.4595926875683328e-30, 0.0, 0.0, 0.0, -1.051239741876673e-24, 1.4547284372214815e-30, 9.903892123897892e-07, 0.0, 0.0, 0.0, 0.0, 0.0, 0.0, 3.412923073880069e-06
1492028612510754431,108044,1492028612,446381092,-0.118503460921,0.743240998625,0.0,0.0,0.0,-0.436086013812,0.899904988628,318.9309507749213, 3.11296368258542, 0.0, 0.0, 0.0, -140.1244433766201, 3.112963682588705, 207.2434289896747, 0.0, 0.0, 0.0, -8.423159114413648, 0.0, 0.0, 9.98372283078243e-07, 3.956044756107935e-18, -7.307696484477158e-16, 0.0, 0.0, 0.0, 3.9560447561079386e-18, 9.96754843824262e-07, 1.7760735158680827e-24, 0.0, 0.0, 0.0, -7.307696484477158e-16, 1.7760888988122163e-24, 9.967548438242617e-07, 0.0, -140.12444337661347, -8.423159114413464, 0.0, 0.0, 0.0, 216.0874260412827,0.0120380761769,0.000178929143607,0.0,0.0,0.0,1.46707028208,3.4243498989768326e-06, 0.0, 0.0, 0.0, 0.0, 0.0, 0.0, 3.4243498989768326e-06, 0.0, 0.0, 0.0, 0.0, 0.0, 0.0, 9.975623841041564e-07, 1.3902189900392621e-24, -1.0512397418766736e-24, 0.0, 0.0, 0.0, 1.3902189900392618e-24, 9.903892123897892e-07, 1.4595926875683328e-30, 0.0, 0.0, 0.0, -1.051239741876673e-24, 1.4547284372214815e-30, 9.903892123897892e-07, 0.0, 0.0, 0.0, 0.0, 0.0, 0.0, 3.412923073880069e-06
1492028612550715479,108045,1492028612,486660004,-0.118217291207,0.742916279216,0.0,0.0,0.0,-0.408810255534,0.912619403131,318.8398709386901, 3.0706561584525756, 0.0, 0.0, 0.0, -140.05264423725623, 3.0706561584558623, 207.24070779651692, 0.0, 0.0, 0.0, -8.362200718921468, 0.0, 0.0, 9.98406820202673e-07, 2.0840402061173082e-18, -4.648658564506981e-16, 0.0, 0.0, 0.0, 2.0840402061173074e-18, 9.968235002603723e-07, 6.0809550340135295e-25, 0.0, 0.0, 0.0, -4.64865856450698e-16, 6.080875491481823e-25, 9.968235002603723e-07, 0.0, -140.0526442372496, -8.36220071892128, 0.0, 0.0, 0.0, 216.08984277735954,0.00562949438353,8.45194500491e-05,0.0,0.0,0.0,1.43420054084,3.4988334265785614e-06, 0.0, 0.0, 0.0, 0.0, 0.0, 0.0, 3.4988334265785614e-06, 0.0, 0.0, 0.0, 0.0, 0.0, 0.0, 9.976140238790645e-07, 8.42739722188994e-25, -7.223095825213318e-25, 0.0, 0.0, 0.0, 8.427397221889936e-25, 9.90589976367665e-07, 6.186406828265186e-31, 0.0, 0.0, 0.0, -7.223095825213318e-25, 6.222280708024574e-31, 9.90589976367665e-07, 0.0, 0.0, 0.0, 0.0, 0.0, 0.0, 3.4871523936239772e-06
1492028612590690988,108046,1492028612,526375055,-0.118133347353,0.742839111444,0.0,0.0,0.0,-0.381822478894,0.924235681312,318.81791700597364, 3.0587034999591203, 0.0, 0.0, 0.0, -140.03417448673704, 3.058703499962404, 207.24135278943308, 0.0, 0.0, 0.0, -8.344859198461203, 0.0, 0.0, 9.98289771922844e-07, -1.091768632337198e-19, 1.252580709496414e-18, 0.0, 0.0, 0.0, -1.0917686323371983e-19, 9.96590945558997e-07, 6.201229605559545e-29, 0.0, 0.0, 0.0, 1.252580709496414e-18, 9.791126910710895e-29, 9.96590945558997e-07, 0.0, -140.03417448673042, -8.344859198461014, 0.0, 0.0, 0.0, 216.0922256818133,-0.00133091625697,-1.81185455765e-05,0.0,0.0,0.0,1.532416443,3.258650162760406e-06, 0.0, 0.0, 0.0, 0.0, 0.0, 0.0, 3.258650162760406e-06, 0.0, 0.0, 0.0, 0.0, 0.0, 0.0, 9.974390291384941e-07, -2.3090663843194213e-27, 1.8908950120411035e-27, 0.0, 0.0, 0.0, -2.309066384319422e-27, 9.899102312796047e-07, 2.506971803513514e-33, 0.0, 0.0, 0.0, 1.890895012041104e-27, -2.498566152134829e-33, 9.899102312796047e-07, 0.0, 0.0, 0.0, 0.0, 0.0, 0.0, 3.2478241374765097e-06
1492028612590718296,108047,1492028612,566338062,-0.118169416809,0.742870477317,0.0,0.0,0.0,-0.354018444787,0.935238440586,318.82914269743196, 3.0639575434482165, 0.0, 0.0, 0.0, -140.04129402048642, 3.0639575434514987, 207.24394461245427, 0.0, 0.0, 0.0, -8.35254229595939, 0.0, 0.0, 9.983179198865755e-07, -2.5829451851128996e-19, 6.040055340718894e-17, 0.0, 0.0, 0.0, -2.5829451851128977e-19, 9.96646876290923e-07, 9.332596171114117e-27, 0.0, 0.0, 0.0, 6.040055340718894e-17, 9.217212113235143e-27, 9.96646876290923e-07, 0.0, -140.0412940204798, -8.352542295959202, 0.0, 0.0, 0.0, 216.09462346358157,-0.00040882023084,-6.54238854549e-06,0.0,0.0,0.0,1.50293207869,3.3133510220956964e-06, 0.0, 0.0, 0.0, 0.0, 0.0, 0.0, 3.3133510220956964e-06, 0.0, 0.0, 0.0, 0.0, 0.0, 0.0, 9.974811083482168e-07, -9.739192695440115e-26, 1.0618431190112898e-25, 0.0, 0.0, 0.0, -9.739192695440113e-26, 9.900735461402981e-07, 8.437870950008919e-33, 0.0, 0.0, 0.0, 1.0618431190112898e-25, 1.1837831899427476e-32, 9.900735461402981e-07, 0.0, 0.0, 0.0, 0.0, 0.0, 0.0, 3.3023273038347283e-06
1492028612630721795,108048,1492028612,606440067,-0.118125175068,0.742828573565,0.0,0.0,0.0,-0.32596950874,0.94538028294,318.82095449107373, 3.0572635836137696, 0.0, 0.0, 0.0, -140.03342921089123, 3.057263583617053, 207.24518788465866, 0.0, 0.0, 0.0, -8.342681455687439, 0.0, 0.0, 9.983464480605751e-07, 5.146425779915875e-19, -1.4484668150851133e-16, 0.0, 0.0, 0.0, 5.146425779915878e-19, 9.9670356905083e-07, 4.5017466046270767e-26, 0.0, 0.0, 0.0, -1.4484668150851133e-16, 4.5073222765385185e-26, 9.9670356905083e-07, 0.0, -140.0334292108846, -8.34268145568725, 0.0, 0.0, 0.0, 216.09702958524656,0.00352534347176,5.29951921219e-05,0.0,0.0,0.0,1.4804894084,3.3706925762570816e-06, 0.0, 0.0, 0.0, 0.0, 0.0, 0.0, 3.3706925762570816e-06, 0.0, 0.0, 0.0, 0.0, 0.0, 0.0, 9.975237583741194e-07, 2.17905012296179e-25, -2.681745780476239e-25, 0.0, 0.0, 0.0, 2.179050122961789e-25, 9.902391609445728e-07, 5.902654278412445e-32, 0.0, 0.0, 0.0, -2.68174578047624e-25, 6.039572931453095e-32, 9.902391609445728e-07, 0.0, 0.0, 0.0, 0.0, 0.0, 0.0, 3.3594622501731965e-06
1492028612652322700,108049,1492028612,646509886,-0.117994933863,0.742733702143,0.0,0.0,0.0,-0.297734914912,0.954648584791,318.7965000728052, 3.038223672412914, 0.0, 0.0, 0.0, -140.01301295554, 3.038223672416199, 207.24501999308222, 0.0, 0.0, 0.0, -8.314511510103118, 0.0, 0.0, 9.983396930988358e-07, 6.117005763669234e-19, -1.8375537538070407e-16, 0.0, 0.0, 0.0, 6.117005763669234e-19, 9.96690164769135e-07, 6.767615416863071e-26, 0.0, 0.0, 0.0, -1.8375537538070405e-16, 6.767006769435719e-26, 9.96690164769135e-07, 0.0, -140.01301295553338, -8.31451151010293, 0.0, 0.0, 0.0, 216.09943377572478,0.00366438514272,5.36449075253e-05,0.0,0.0,0.0,1.48572319754,3.356941152542388e-06, 0.0, 0.0, 0.0, 0.0, 0.0, 0.0, 3.356941152542388e-06, 0.0, 0.0, 0.0, 0.0, 0.0, 0.0, 9.975136594507906e-07, 2.556315926656804e-25, -3.5620375169843896e-25, 0.0, 0.0, 0.0, 2.5563159266568044e-25, 9.901999442716529e-07, 8.939186984771574e-32, 0.0, 0.0, 0.0, -3.562037516984391e-25, 8.928107124894878e-32, 9.901999442716529e-07, 0.0, 0.0, 0.0, 0.0, 0.0, 0.0, 3.3457626424346177e-06
1492028612690716054,108050,1492028612,646509886,-0.117994933863,0.742733702143,0.0,0.0,0.0,-0.297734914912,0.954648584791,318.7965000728052, 3.038223672412914, 0.0, 0.0, 0.0, -140.01301295554, 3.038223672416199, 207.24501999308222, 0.0, 0.0, 0.0, -8.314511510103118, 0.0, 0.0, 9.983396930988358e-07, 6.117005763669234e-19, -1.8375537538070407e-16, 0.0, 0.0, 0.0, 6.117005763669234e-19, 9.96690164769135e-07, 6.767615416863071e-26, 0.0, 0.0, 0.0, -1.8375537538070405e-16, 6.767006769435719e-26, 9.96690164769135e-07, 0.0, -140.01301295553338, -8.31451151010293, 0.0, 0.0, 0.0, 216.09943377572478,0.00366438514272,5.36449075253e-05,0.0,0.0,0.0,1.48572319754,3.356941152542388e-06, 0.0, 0.0, 0.0, 0.0, 0.0, 0.0, 3.356941152542388e-06, 0.0, 0.0, 0.0, 0.0, 0.0, 0.0, 9.975136594507906e-07, 2.556315926656804e-25, -3.5620375169843896e-25, 0.0, 0.0, 0.0, 2.5563159266568044e-25, 9.901999442716529e-07, 8.939186984771574e-32, 0.0, 0.0, 0.0, -3.562037516984391e-25, 8.928107124894878e-32, 9.901999442716529e-07, 0.0, 0.0, 0.0, 0.0, 0.0, 0.0, 3.3457626424346177e-06
1492028612730722109,108051,1492028612,686534882,-0.117883508631,0.742660825108,0.0,0.0,0.0,-0.269294062487,0.963057998206,318.77855041259744, 3.0220297044803552, 0.0, 0.0, 0.0, -139.99761569004548, 3.022029704483639, 207.24517076705, 0.0, 0.0, 0.0, -8.29042895413795, 0.0, 0.0, 9.983308525468503e-07, 3.9102719360894592e-19, -1.734672722576275e-16, 0.0, 0.0, 0.0, 3.9102719360894515e-19, 9.966726160415981e-07, 4.0654864438127745e-26, 0.0, 0.0, 0.0, -1.7346727225762755e-16, 4.062066430982458e-26, 9.966726160415981e-07, 0.0, -139.99761569003886, -8.290428954137761, 0.0, 0.0, 0.0, 216.10183527683742,0.00463968638623,7.03627357432e-05,0.0,0.0,0.0,1.4898102924,3.339103885550791e-06, 0.0, 0.0, 0.0, 0.0, 0.0, 0.0, 3.339103885550791e-06, 0.0, 0.0, 0.0, 0.0, 0.0, 0.0, 9.975004425756073e-07, 2.20510058624616e-25, -3.501894672812931e-25, 0.0, 0.0, 0.0, 2.20510058624616e-25, 9.901486145215269e-07, 7.510073134075019e-32, 0.0, 0.0, 0.0, -3.501894672812931e-25, 7.34826118700366e-32, 9.901486145215269e-07, 0.0, 0.0, 0.0, 0.0, 0.0, 0.0, 3.3279880308996978e-06
1492028612770704199,108052,1492028612,726599932,-0.117660297864,0.742529387756,0.0,0.0,0.0,-0.240673633656,0.970606100364,318.7460562549425, 2.989793243436336, 0.0, 0.0, 0.0, -139.97098773976543, 2.989793243439623, 207.24348707590818, 0.0, 0.0, 0.0, -8.242235859770735, 0.0, 0.0, 9.983199411296971e-07, 7.41462048849432e-19, -4.582387875073818e-16, 0.0, 0.0, 0.0, 7.414620488494323e-19, 9.966509524814991e-07, 2.0219656319929728e-25, 0.0, 0.0, 0.0, -4.582387875073819e-16, 2.022177280679949e-25, 9.966509524814991e-07, 0.0, -139.9709877397588, -8.242235859770547, 0.0, 0.0, 0.0, 216.10423918121404,0.0103270614125,0.000150928714883,0.0,0.0,0.0,1.49836522123,3.3173420821865158e-06, 0.0, 0.0, 0.0, 0.0, 0.0, 0.0, 3.3173420821865158e-06, 0.0, 0.0, 0.0, 0.0, 0.0, 0.0, 9.974841299437655e-07, 5.259708526244313e-25, -9.579200949060797e-25, 0.0, 0.0, 0.0, 5.259708526244314e-25, 9.900852652155532e-07, 4.890192247130583e-31, 0.0, 0.0, 0.0, -9.5792009490608e-25, 4.833191628486899e-31, 9.900852652155532e-07, 0.0, 0.0, 0.0, 0.0, 0.0, 0.0, 3.3062998592363654e-06
1492028612810697890,108053,1492028612,766673088,-0.117268275371,0.742340033822,0.0,0.0,0.0,-0.21180802372,0.977311291804,318.6952147214335, 2.9333828922563794, 0.0, 0.0, 0.0, -139.93018720343858, 2.933382892259668, 207.23906184874798, 0.0, 0.0, 0.0, -8.157520186030172, 0.0, 0.0, 9.983165831726625e-07, 1.0291531572639356e-18, -5.957650601298242e-16, 0.0, 0.0, 0.0, 1.0291531572639365e-18, 9.966443012569997e-07, 3.641814481601767e-25, 0.0, 0.0, 0.0, -5.957650601298244e-16, 3.6420196944929078e-25, 9.966443012569995e-07, 0.0, -139.93018720343196, -8.157520186029982, 0.0, 0.0, 0.0, 216.10664357196316,0.0107363986635,0.000156499745293,0.0,0.0,0.0,1.5013675962,3.3107135167563664e-06, 0.0, 0.0, 0.0, 0.0, 0.0, 0.0, 3.3107135167563664e-06, 0.0, 0.0, 0.0, 0.0, 0.0, 0.0, 9.97479110024918e-07, 6.0886155842703605e-25, -1.2842868530942655e-24, 0.0, 0.0, 0.0, 6.088615584270361e-25, 9.90065790869982e-07, 7.520366560395462e-31, 0.0, 0.0, 0.0, -1.2842868530942657e-24, 7.5024434602538805e-31, 9.90065790869982e-07, 0.0, 0.0, 0.0, 0.0, 0.0, 0.0, 3.2997001874916394e-06
1492028612850691191,108054,1492028612,806782961,-0.116976299862,0.742227066401,0.0,0.0,0.0,-0.182614656658,0.983184564145,318.6630919501275, 2.891319233118504, 0.0, 0.0, 0.0, -139.90383097119036, 2.8913192331217945, 207.23629668967132, 0.0, 0.0, 0.0, -8.094081852198835, 0.0, 0.0, 9.983474253694555e-07, 3.810122512168896e-19, -3.067700629189828e-16, 0.0, 0.0, 0.0, 3.810122512168904e-19, 9.967055955323896e-07, 7.068260310039595e-26, 0.0, 0.0, 0.0, -3.0677006291898275e-16, 7.070140008035667e-26, 9.967055955323896e-07, 0.0, -139.90383097118374, -8.094081852198642, 0.0, 0.0, 0.0, 216.10905016569728,0.0044533567215,6.42493957385e-05,0.0,0.0,0.0,1.47284611991,3.3726985686915984e-06, 0.0, 0.0, 0.0, 0.0, 0.0, 0.0, 3.3726985686915984e-06, 0.0, 0.0, 0.0, 0.0, 0.0, 0.0, 9.97525219602297e-07, 2.7360091517990033e-25, -6.789902360770227e-25, 0.0, 0.0, 0.0, 2.736009151799004e-25, 9.902448461594899e-07, 1.8284719659386058e-31, 0.0, 0.0, 0.0, -6.789902360770227e-25, 1.8084873256724275e-31, 9.902448461594899e-07, 0.0, 0.0, 0.0, 0.0, 0.0, 0.0, 3.3614645978104413e-06
1492028612890688874,108055,1492028612,846968889,-0.116878161949,0.742196311857,0.0,0.0,0.0,-0.153393043341,0.988165256551,318.6553783450212, 2.877174413452402, 0.0, 0.0, 0.0, -139.89632127497725, 2.8771744134556947, 207.23670388735923, 0.0, 0.0, 0.0, -8.07266564686684, 0.0, 0.0, 9.983642849069011e-07, 1.1176930362263037e-19, -8.345089546985077e-17, 0.0, 0.0, 0.0, 1.1176930362263047e-19, 9.96739112529031e-07, 5.7268460671450925e-27, 0.0, 0.0, 0.0, -8.345089546985077e-17, 5.677644720041821e-27, 9.96739112529031e-07, 0.0, -139.89632127497063, -8.072665646866646, 0.0, 0.0, 0.0, 216.11146132277352,0.00150530859106,2.3385803712e-05,0.0,0.0,0.0,1.4526694635,3.407568073417958e-06, 0.0, 0.0, 0.0, 0.0, 0.0, 0.0, 3.407568073417958e-06, 0.0, 0.0, 0.0, 0.0, 0.0, 0.0, 9.975504260485548e-07, 6.341568103901885e-26, -1.8878146506859146e-25, 0.0, 0.0, 0.0, 6.341568103901888e-26, 9.903427672426124e-07, 1.4444151724722774e-32, 0.0, 0.0, 0.0, -1.887814650685915e-25, 9.294328379325172e-33, 9.903427672426124e-07, 0.0, 0.0, 0.0, 0.0, 0.0, 0.0, 3.3962087217700753e-06
1492028612890706208,108056,1492028612,846968889,-0.116878161949,0.742196311857,0.0,0.0,0.0,-0.153393043341,0.988165256551,318.6553783450212, 2.877174413452402, 0.0, 0.0, 0.0, -139.89632127497725, 2.8771744134556947, 207.23670388735923, 0.0, 0.0, 0.0, -8.07266564686684, 0.0, 0.0, 9.983642849069011e-07, 1.1176930362263037e-19, -8.345089546985077e-17, 0.0, 0.0, 0.0, 1.1176930362263047e-19, 9.96739112529031e-07, 5.7268460671450925e-27, 0.0, 0.0, 0.0, -8.345089546985077e-17, 5.677644720041821e-27, 9.96739112529031e-07, 0.0, -139.89632127497063, -8.072665646866646, 0.0, 0.0, 0.0, 216.11146132277352,0.00150530859106,2.3385803712e-05,0.0,0.0,0.0,1.4526694635,3.407568073417958e-06, 0.0, 0.0, 0.0, 0.0, 0.0, 0.0, 3.407568073417958e-06, 0.0, 0.0, 0.0, 0.0, 0.0, 0.0, 9.975504260485548e-07, 6.341568103901885e-26, -1.8878146506859146e-25, 0.0, 0.0, 0.0, 6.341568103901888e-26, 9.903427672426124e-07, 1.4444151724722774e-32, 0.0, 0.0, 0.0, -1.887814650685915e-25, 9.294328379325172e-33, 9.903427672426124e-07, 0.0, 0.0, 0.0, 0.0, 0.0, 0.0, 3.3962087217700753e-06
1492028612930680400,108057,1492028612,887109041,-0.11681962938,0.742180361435,0.0,0.0,0.0,-0.124082139292,0.992271949976,318.65284455397693, 2.8688387082565456, 0.0, 0.0, 0.0, -139.89281390402448, 2.8688387082598372, 207.23776472375994, 0.0, 0.0, 0.0, -8.059990687121235, 0.0, 0.0, 9.983767432147634e-07, -4.47200889108339e-20, -1.0308808206867847e-16, 0.0, 0.0, 0.0, -4.472008891083352e-20, 9.967638856314469e-07, -2.8322535877503232e-27, 0.0, 0.0, 0.0, -1.0308808206867847e-16, -2.847819194302104e-27, 9.967638856314469e-07, 0.0, -139.89281390401786, -8.059990687121042, 0.0, 0.0, 0.0, 216.1138697332636,0.00110182866856,1.76329996087e-05,0.0,0.0,0.0,1.44834598276,3.4337999110517243e-06, 0.0, 0.0, 0.0, 0.0, 0.0, 0.0, 3.4337999110517243e-06, 0.0, 0.0, 0.0, 0.0, 0.0, 0.0, 9.975690528211414e-07, 6.404187067428802e-26, -2.375303253459845e-25, 0.0, 0.0, 0.0, 6.404187067428802e-26, 9.904151460689832e-07, 1.4999886756478632e-32, 0.0, 0.0, 0.0, -2.375303253459844e-25, 1.6477815111023082e-32, 9.904151460689832e-07, 0.0, 0.0, 0.0, 0.0, 0.0, 0.0, 3.4223460304244505e-06
1492028612952252961,108058,1492028612,926940918,-0.116877098568,0.742200266987,0.0,0.0,0.0,-0.0946544529212,0.995510188065,318.65773540613174, 2.8763865864079885, 0.0, 0.0, 0.0, -139.89505336343115, 2.8763865864112814, 207.24061705074124, 0.0, 0.0, 0.0, -8.07152193191935, 0.0, 0.0, 9.98348245334741e-07, -1.7685066808070604e-19, 1.9342970438640646e-16, 0.0, 0.0, 0.0, -1.7685066808070677e-19, 9.967072779588523e-07, 2.0682736324527823e-26, 0.0, 0.0, 0.0, 1.934297043864066e-16, 2.0737667231965478e-26, 9.967072779588523e-07, 0.0, -139.89505336342452, -8.071521931919156, 0.0, 0.0, 0.0, 216.11625964721756,-0.00587202617405,-8.8932457579e-05,0.0,0.0,0.0,1.48308178018,3.3743729112990254e-06, 0.0, 0.0, 0.0, 0.0, 0.0, 0.0, 3.3743729112990254e-06, 0.0, 0.0, 0.0, 0.0, 0.0, 0.0, 9.97526445427518e-07, -9.404867211302039e-26, 4.518054738778309e-25, 0.0, 0.0, 0.0, -9.404867211302042e-26, 9.902496000696377e-07, 4.2898381276476274e-32, 0.0, 0.0, 0.0, 4.518054738778311e-25, 4.1989594276026216e-32, 9.902496000696377e-07, 0.0, 0.0, 0.0, 0.0, 0.0, 0.0, 3.363130136219296e-06
1492028612990685381,108059,1492028612,967089891,-0.117178991336,0.742250521374,0.0,0.0,0.0,-0.0650116076256,0.997884507783,318.67239156429, 2.9186256681628326, 0.0, 0.0, 0.0, -139.90482321024876, 2.9186256681661242, 207.2474755589454, 0.0, 0.0, 0.0, -8.13620688436111, 0.0, 0.0, 9.983209500614887e-07, -3.853597191456367e-19, 4.882015805200723e-16, 0.0, 0.0, 0.0, -3.8535971914563576e-19, 9.966530682495907e-07, 1.1202085839312546e-25, 0.0, 0.0, 0.0, 4.882015805200725e-16, 1.119998652541843e-25, 9.966530682495907e-07, 0.0, -139.90482321024214, -8.136206884360922, 0.0, 0.0, 0.0, 216.1186685870062,-0.00988789265165,-0.000147923635958,0.0,0.0,0.0,1.50874317913,3.3193543588500113e-06, 0.0, 0.0, 0.0, 0.0, 0.0, 0.0, 3.3193543588500113e-06, 0.0, 0.0, 0.0, 0.0, 0.0, 0.0, 9.974856384630697e-07, -1.6844048815937978e-25, 1.1526493388957513e-24, 0.0, 0.0, 0.0, -1.6844048815937958e-25, 9.9009114082193e-07, 1.8777421862413038e-31, 0.0, 0.0, 0.0, 1.152649338895751e-24, 1.87703009288266e-31, 9.9009114082193e-07, 0.0, 0.0, 0.0, 0.0, 0.0, 0.0, 3.3083118718353334e-06
1492028613030711066,108060,1492028613,7082939,-0.117531803392,0.742277931693,0.0,0.0,0.0,-0.0351605361719,0.999381677187,318.6838165387595, 2.968803729367028, 0.0, 0.0, 0.0, -139.9121029461222, 2.9688037293703182, 207.25530677581776, 0.0, 0.0, 0.0, -8.213292627717259, 0.0, 0.0, 9.983292168871528e-07, -1.519406418126499e-19, 4.330661149402536e-16, 0.0, 0.0, 0.0, -1.5194064181264996e-19, 9.966695104681916e-07, 3.9370731689334665e-26, 0.0, 0.0, 0.0, 4.330661149402536e-16, 3.939513914396463e-26, 9.966695104681916e-07, 0.0, -139.91210294611557, -8.213292627717074, 0.0, 0.0, 0.0, 216.12106817122688,-0.00576146125746,-8.85658670157e-05,0.0,0.0,0.0,1.50036341287,3.335822992243769e-06, 0.0, 0.0, 0.0, 0.0, 0.0, 0.0, 3.335822992243769e-06, 0.0, 0.0, 0.0, 0.0, 0.0, 0.0, 9.974979972234607e-07, -8.787486778905907e-26, 1.0294002112770086e-24, 0.0, 0.0, 0.0, -8.787486778905907e-26, 9.90139116444866e-07, 8.786937017722207e-32, 0.0, 0.0, 0.0, 1.0294002112770083e-24, 8.813848080270472e-32, 9.90139116444866e-07, 0.0, 0.0, 0.0, 0.0, 0.0, 0.0, 3.3247179049968094e-06
1492028613070698876,108061,1492028613,47182083,-0.117625885249,0.742272366268,0.0,0.0,0.0,-0.00528890743214,0.999986013631,318.68716712198875, 2.9830173742291044, 0.0, 0.0, 0.0, -139.9131422264636, 2.9830173742323938, 207.2589780827837, 0.0, 0.0, 0.0, -8.235187188853969, 0.0, 0.0, 9.983398902251777e-07, 1.5350136231637256e-19, -2.4862091914199796e-18, 0.0, 0.0, 0.0, 1.535013623163725e-19, 9.96690735423748e-07, 1.9242656964124603e-28, 0.0, 0.0, 0.0, -2.4862091914199804e-18, 1.9487687576655203e-28, 9.96690735423748e-07, 0.0, -139.91314222645698, -8.235187188853784, 0.0, 0.0, 0.0, 216.12347412123358,0.00168892335023,2.31590085357e-05,0.0,0.0,0.0,1.48703573124,3.357338610540416e-06, 0.0, 0.0, 0.0, 0.0, 0.0, 0.0, 3.357338610540416e-06, 0.0, 0.0, 0.0, 0.0, 0.0, 0.0, 9.9751395412752e-07, 5.149947897715741e-28, -5.911968727504924e-27, 0.0, 0.0, 0.0, 5.149947897715738e-28, 9.902010851787516e-07, 6.822249599805196e-35, 0.0, 0.0, 0.0, -5.911968727504923e-27, -6.798849353383806e-35, 9.902010851787516e-07, 0.0, 0.0, 0.0, 0.0, 0.0, 0.0, 3.346157361914545e-06
1492028613110738896,108062,1492028613,47182083,-0.117625885249,0.742272366268,0.0,0.0,0.0,-0.00528890743214,0.999986013631,318.68716712198875, 2.9830173742291044, 0.0, 0.0, 0.0, -139.9131422264636, 2.9830173742323938, 207.2589780827837, 0.0, 0.0, 0.0, -8.235187188853969, 0.0, 0.0, 9.983398902251777e-07, 1.5350136231637256e-19, -2.4862091914199796e-18, 0.0, 0.0, 0.0, 1.535013623163725e-19, 9.96690735423748e-07, 1.9242656964124603e-28, 0.0, 0.0, 0.0, -2.4862091914199804e-18, 1.9487687576655203e-28, 9.96690735423748e-07, 0.0, -139.91314222645698, -8.235187188853784, 0.0, 0.0, 0.0, 216.12347412123358,0.00168892335023,2.31590085357e-05,0.0,0.0,0.0,1.48703573124,3.357338610540416e-06, 0.0, 0.0, 0.0, 0.0, 0.0, 0.0, 3.357338610540416e-06, 0.0, 0.0, 0.0, 0.0, 0.0, 0.0, 9.9751395412752e-07, 5.149947897715741e-28, -5.911968727504924e-27, 0.0, 0.0, 0.0, 5.149947897715738e-28, 9.902010851787516e-07, 6.822249599805196e-35, 0.0, 0.0, 0.0, -5.911968727504923e-27, -6.798849353383806e-35, 9.902010851787516e-07, 0.0, 0.0, 0.0, 0.0, 0.0, 0.0, 3.346157361914545e-06
1492028613150693845,108063,1492028613,87177038,-0.117582060077,0.742275725265,0.0,0.0,0.0,0.0243245223112,0.999704115033,318.6893972993608, 2.976601818388118, 0.0, 0.0, 0.0, -139.91332019333942, 2.9766018183914054, 207.26022226606207, 0.0, 0.0, 0.0, -8.225266608931431, 0.0, 0.0, 9.983223200431198e-07, -1.2175981612144549e-22, -1.0821379045535961e-17, 0.0, 0.0, 0.0, -1.2175981612145785e-22, 9.966558471765265e-07, 2.7318969443279674e-29, 0.0, 0.0, 0.0, -1.082137904553596e-17, -2.888974586885975e-29, 9.966558471765265e-07, 0.0, -139.9133201933328, -8.225266608931246, 0.0, 0.0, 0.0, 216.1258738199005,-0.00044661035002,-5.10593449314e-06,0.0,0.0,0.0,1.49109013202,3.322062433559799e-06, 0.0, 0.0, 0.0, 0.0, 0.0, 0.0, 3.322062433559799e-06, 0.0, 0.0, 0.0, 0.0, 0.0, 0.0, 9.974876864025823e-07, -8.85443529529856e-28, -2.580018653557854e-26, 0.0, 0.0, 0.0, -8.854435295298558e-28, 9.900990754783381e-07, -5.499512091793312e-35, 0.0, 0.0, 0.0, -2.5800186535578533e-26, 5.494895986671736e-35, 9.900990754783381e-07, 0.0, 0.0, 0.0, 0.0, 0.0, 0.0, 3.3110042180693635e-06
1492028613190672998,108064,1492028613,127770901,-0.117717390154,0.742270364649,0.0,0.0,0.0,0.0542316515057,0.998528381156,318.68796404795364, 2.9945413876002935, 0.0, 0.0, 0.0, -139.91064551717437, 2.994541387603579, 207.26437684335534, 0.0, 0.0, 0.0, -8.253136031684734, 0.0, 0.0, 9.984237047295893e-07, 4.0197286673354372e-19, 2.966655742968628e-16, 0.0, 0.0, 0.0, 4.0197286673354286e-19, 9.968573238505969e-07, -7.565494340842349e-26, 0.0, 0.0, 0.0, 2.9666557429686274e-16, -7.565111414510964e-26, 9.968573238505969e-07, 0.0, -139.91064551716775, -8.25313603168455, 0.0, 0.0, 0.0, 216.12830945305143,-0.00632343198021,-9.38097458207e-05,0.0,0.0,0.0,1.39241788089,3.536413269111669e-06, 0.0, 0.0, 0.0, 0.0, 0.0, 0.0, 3.536413269111669e-06, 0.0, 0.0, 0.0, 0.0, 0.0, 0.0, 9.976392705519963e-07, 6.663696847143674e-26, 7.050263558741858e-25, 0.0, 0.0, 0.0, 6.663696847143674e-26, 9.906881436432717e-07, -4.824828482606625e-32, 0.0, 0.0, 0.0, 7.050263558741858e-25, -4.795027615690742e-32, 9.906881436432717e-07, 0.0, 0.0, 0.0, 0.0, 0.0, 0.0, 3.52459195374042e-06
1492028613190702230,108065,1492028613,167709112,-0.118095644603,0.742221170661,0.0,0.0,0.0,0.0834216811509,0.996514336632,318.6744388080024, 3.0461022020298003, 0.0, 0.0, 0.0, -139.89865594123606, 3.046102202033086, 207.27254118606302, 0.0, 0.0, 0.0, -8.333499608101384, 0.0, 0.0, 9.9840819876181e-07, 4.722586542106479e-19, 6.117928027640045e-16, 0.0, 0.0, 0.0, 4.722586542106471e-19, 9.96826525059097e-07, -1.8154089484814502e-25, 0.0, 0.0, 0.0, 6.117928027640044e-16, -1.815414810139514e-25, 9.968265250590968e-07, 0.0, -139.89865594122944, -8.3334996081012, 0.0, 0.0, 0.0, 216.13070574709403,-0.0119631528283,-0.000177596517457,0.0,0.0,0.0,1.40275631953,3.5018715478984734e-06, 0.0, 0.0, 0.0, 0.0, 0.0, 0.0, 3.5018715478984734e-06, 0.0, 0.0, 0.0, 0.0, 0.0, 0.0, 9.97616085141474e-07, 2.2225416743836337e-25, 1.4438476942525959e-24, 0.0, 0.0, 0.0, 2.222541674383635e-25, 9.905979898164893e-07, -3.2767015656984446e-31, 0.0, 0.0, 0.0, 1.4438476942525966e-24, -3.2686205149751024e-31, 9.905979898164893e-07, 0.0, 0.0, 0.0, 0.0, 0.0, 0.0, 3.4901790469492356e-06
1492028613230774376,108066,1492028613,207494020,-0.11864218729,0.742110075097,0.0,0.0,0.0,0.11234036906,0.993669784928,318.64485189293174, 3.1213435567129513, 0.0, 0.0, 0.0, -139.87426254906134, 3.1213435567162353, 207.28367216021107, 0.0, 0.0, 0.0, -8.45121475455851, 0.0, 0.0, 9.983443332895553e-07, -4.28526366609475e-19, 7.791090465367146e-16, 0.0, 0.0, 0.0, -4.285263666094765e-19, 9.966996376625563e-07, 2.0159845256476273e-25, 0.0, 0.0, 0.0, 7.791090465367147e-16, 2.0163378861858416e-25, 9.966996376625561e-07, 0.0, -139.87426254905472, -8.45121475455833, 0.0, 0.0, 0.0, 216.13309284294309,-0.0139813160303,-0.000203956844684,0.0,0.0,0.0,1.46708113474,3.366381237580119e-06, 0.0, 0.0, 0.0, 0.0, 0.0, 0.0, 3.366381237580119e-06, 0.0, 0.0, 0.0, 0.0, 0.0, 0.0, 9.975205967817292e-07, 3.8812406394105078e-25, 1.8184002986359826e-24, 0.0, 0.0, 0.0, 3.8812406394105078e-25, 9.90226891837576e-07, -6.919080402288887e-31, 0.0, 0.0, 0.0, 1.818400298635983e-24, -6.917318120575925e-31, 9.90226891837576e-07, 0.0, 0.0, 0.0, 0.0, 0.0, 0.0, 3.3551703862332945e-06
1492028613251831476,108067,1492028613,207494020,-0.11864218729,0.742110075097,0.0,0.0,0.0,0.11234036906,0.993669784928,318.64485189293174, 3.1213435567129513, 0.0, 0.0, 0.0, -139.87426254906134, 3.1213435567162353, 207.28367216021107, 0.0, 0.0, 0.0, -8.45121475455851, 0.0, 0.0, 9.983443332895553e-07, -4.28526366609475e-19, 7.791090465367146e-16, 0.0, 0.0, 0.0, -4.285263666094765e-19, 9.966996376625563e-07, 2.0159845256476273e-25, 0.0, 0.0, 0.0, 7.791090465367147e-16, 2.0163378861858416e-25, 9.966996376625561e-07, 0.0, -139.87426254905472, -8.45121475455833, 0.0, 0.0, 0.0, 216.13309284294309,-0.0139813160303,-0.000203956844684,0.0,0.0,0.0,1.46708113474,3.366381237580119e-06, 0.0, 0.0, 0.0, 0.0, 0.0, 0.0, 3.366381237580119e-06, 0.0, 0.0, 0.0, 0.0, 0.0, 0.0, 9.975205967817292e-07, 3.8812406394105078e-25, 1.8184002986359826e-24, 0.0, 0.0, 0.0, 3.8812406394105078e-25, 9.90226891837576e-07, -6.919080402288887e-31, 0.0, 0.0, 0.0, 1.818400298635983e-24, -6.917318120575925e-31, 9.90226891837576e-07, 0.0, 0.0, 0.0, 0.0, 0.0, 0.0, 3.3551703862332945e-06
1492028613290702206,108068,1492028613,247911930,-0.119158453418,0.741966714027,0.0,0.0,0.0,0.141921132838,0.989877968264,318.6078748317786, 3.193112737650025, 0.0, 0.0, 0.0, -139.84412943553144, 3.1931127376533013, 207.29456875445183, 0.0, 0.0, 0.0, -8.563957551000458, 0.0, 0.0, 9.984113821089651e-07, -6.845266531727797e-20, 6.26705762793633e-16, 0.0, 0.0, 0.0, -6.845266531727909e-20, 9.968328876856875e-07, 2.694703740937148e-26, 0.0, 0.0, 0.0, 6.267057627936329e-16, 2.692901705163304e-26, 9.968328876856875e-07, 0.0, -139.84412943552482, -8.56395755100028, 0.0, 0.0, 0.0, 216.13551791890902,-0.0107667593516,-0.0001594817604,0.0,0.0,0.0,1.41737290577,3.5089121461587266e-06, 0.0, 0.0, 0.0, 0.0, 0.0, 0.0, 3.5089121461587266e-06, 0.0, 0.0, 0.0, 0.0, 0.0, 0.0, 9.976208450643583e-07, 3.9841721386972965e-25, 1.4426573171698743e-24, 0.0, 0.0, 0.0, 3.984172138697297e-25, 9.906165021897147e-07, -5.89364910799472e-31, 0.0, 0.0, 0.0, 1.4426573171698738e-24, -5.860358858063928e-31, 9.906165021897147e-07, 0.0, 0.0, 0.0, 0.0, 0.0, 0.0, 3.497195736844787e-06
1492028613330658875,108069,1492028613,287691116,-0.11951125547,0.741843168281,0.0,0.0,0.0,0.171028232493,0.985266128358,318.5766067044519, 3.2424130164600067, 0.0, 0.0, 0.0, -139.81842679189845, 3.242413016463281, 207.30274981198028, 0.0, 0.0, 0.0, -8.641741982811743, 0.0, 0.0, 9.983643231798563e-07, -1.4903681185564843e-19, 4.0362961174385053e-16, 0.0, 0.0, 0.0, -1.4903681185564829e-19, 9.967393931619046e-07, 3.6733469077415353e-26, 0.0, 0.0, 0.0, 4.0362961174385033e-16, 3.6750646452607874e-26, 9.967393931619044e-07, 0.0, -139.81842679189182, -8.641741982811569, 0.0, 0.0, 0.0, 216.1379046714314,-0.00649469504924,-9.79137369546e-05,0.0,0.0,0.0,1.46391467121,3.4076480043516303e-06, 0.0, 0.0, 0.0, 0.0, 0.0, 0.0, 3.4076480043516303e-06, 0.0, 0.0, 0.0, 0.0, 0.0, 0.0, 9.975504832702146e-07, 3.108329768212842e-25, 9.117969381724164e-25, 0.0, 0.0, 0.0, 3.1083297682128413e-25, 9.90342989504642e-07, -2.838788676135409e-31, 0.0, 0.0, 0.0, 9.117969381724164e-25, -2.831179668506485e-31, 9.90342989504642e-07, 0.0, 0.0, 0.0, 0.0, 0.0, 0.0, 3.3962883397705668e-06
1492028613370694310,108070,1492028613,327686071,-0.119678219839,0.741771887986,0.0,0.0,0.0,0.20019884198,0.979755287646,318.55957591725615, 3.265929154319925, 0.0, 0.0, 0.0, -139.80371681403787, 3.2659291543231976, 207.30773592746968, 0.0, 0.0, 0.0, -8.679007551083648, 0.0, 0.0, 9.983411902387906e-07, -1.3123289919171545e-19, 1.6274296797156512e-16, 0.0, 0.0, 0.0, -1.3123289919171529e-19, 9.966934489854738e-07, 1.2839140365774763e-26, 0.0, 0.0, 0.0, 1.6274296797156512e-16, 1.2838576146541962e-26, 9.966934489854738e-07, 0.0, -139.80371681403125, -8.679007551083476, 0.0, 0.0, 0.0, 216.14030437009933,-0.00330676248803,-4.81043404685e-05,0.0,0.0,0.0,1.49373859739,3.3599817764414253e-06, 0.0, 0.0, 0.0, 0.0, 0.0, 0.0, 3.3599817764414253e-06, 0.0, 0.0, 0.0, 0.0, 0.0, 0.0, 9.975158977558125e-07, 1.468575667211236e-25, 3.595427136610236e-25, 0.0, 0.0, 0.0, 1.4685756672112359e-25, 9.90208639430199e-07, -5.264554863707933e-32, 0.0, 0.0, 0.0, 3.595427136610234e-25, -5.140963497663527e-32, 9.90208639430199e-07, 0.0, 0.0, 0.0, 0.0, 0.0, 0.0, 3.3487931735876525e-06
1492028613410658692,108071,1492028613,367645025,-0.119815869252,0.741710663586,0.0,0.0,0.0,0.22945274358,0.97331980277,318.5438836392626, 3.284028179334298, 0.0, 0.0, 0.0, -139.79004129206686, 3.28402817933757, 207.31205330947938, 0.0, 0.0, 0.0, -8.707841054392487, 0.0, 0.0, 9.983332404183702e-07, -4.061036635533592e-19, 2.649104746803174e-16, 0.0, 0.0, 0.0, -4.061036635533584e-19, 9.966776737709987e-07, 6.451882145723102e-26, 0.0, 0.0, 0.0, 2.649104746803174e-16, 6.451653607653664e-26, 9.96677673770999e-07, 0.0, -139.79004129206024, -8.707841054392315, 0.0, 0.0, 0.0, 216.14270190868822,-0.00605509949855,-8.94977931859e-05,0.0,0.0,0.0,1.50843345001,3.3439035737225915e-06, 0.0, 0.0, 0.0, 0.0, 0.0, 0.0, 3.3439035737225915e-06, 0.0, 0.0, 0.0, 0.0, 0.0, 0.0, 9.975040124941937e-07, 2.731825149612206e-25, 5.7001969384972865e-25, 0.0, 0.0, 0.0, 2.7318251496122046e-25, 9.90162478679443e-07, -1.523231829431998e-31, 0.0, 0.0, 0.0, 5.700196938497285e-25, -1.5068172718797392e-31, 9.90162478679443e-07, 0.0, 0.0, 0.0, 0.0, 0.0, 0.0, 3.3327710902450416e-06
1492028613450671368,108072,1492028613,407833099,-0.120084650105,0.741569613478,0.0,0.0,0.0,0.258801035594,0.965930651742,318.50561003884275, 3.3193354429130304, 0.0, 0.0, 0.0, -139.75889497023957, 3.3193354429163002, 207.31863359825218, 0.0, 0.0, 0.0, -8.764386008897475, 0.0, 0.0, 9.983678366703356e-07, -8.458277879590559e-19, 5.181799256526763e-16, 0.0, 0.0, 0.0, -8.458277879590536e-19, 9.967464295398038e-07, 2.6854041003945174e-25, 0.0, 0.0, 0.0, 5.181799256526762e-16, 2.6845708953134387e-25, 9.967464295398036e-07, 0.0, -139.75889497023294, -8.764386008897306, 0.0, 0.0, 0.0, 216.14511319450696,-0.010489632841,-0.000156574360667,0.0,0.0,0.0,1.4820371665,3.41500518425746e-06, 0.0, 0.0, 0.0, 0.0, 0.0, 0.0, 3.41500518425746e-06, 0.0, 0.0, 0.0, 0.0, 0.0, 0.0, 9.975557363365073e-07, 6.002581385589845e-25, 1.0812626048894552e-24, 0.0, 0.0, 0.0, 6.002581385589844e-25, 9.903633992155904e-07, -6.435832709618419e-31, 0.0, 0.0, 0.0, 1.0812626048894552e-24, -6.480668185020099e-31, 9.903633992155904e-07, 0.0, 0.0, 0.0, 0.0, 0.0, 0.0, 3.4036187266380795e-06
1492028613490658204,108073,1492028613,407833099,-0.120084650105,0.741569613478,0.0,0.0,0.0,0.258801035594,0.965930651742,318.50561003884275, 3.3193354429130304, 0.0, 0.0, 0.0, -139.75889497023957, 3.3193354429163002, 207.31863359825218, 0.0, 0.0, 0.0, -8.764386008897475, 0.0, 0.0, 9.983678366703356e-07, -8.458277879590559e-19, 5.181799256526763e-16, 0.0, 0.0, 0.0, -8.458277879590536e-19, 9.967464295398038e-07, 2.6854041003945174e-25, 0.0, 0.0, 0.0, 5.181799256526762e-16, 2.6845708953134387e-25, 9.967464295398036e-07, 0.0, -139.75889497023294, -8.764386008897306, 0.0, 0.0, 0.0, 216.14511319450696,-0.010489632841,-0.000156574360667,0.0,0.0,0.0,1.4820371665,3.41500518425746e-06, 0.0, 0.0, 0.0, 0.0, 0.0, 0.0, 3.41500518425746e-06, 0.0, 0.0, 0.0, 0.0, 0.0, 0.0, 9.975557363365073e-07, 6.002581385589845e-25, 1.0812626048894552e-24, 0.0, 0.0, 0.0, 6.002581385589844e-25, 9.903633992155904e-07, -6.435832709618419e-31, 0.0, 0.0, 0.0, 1.0812626048894552e-24, -6.480668185020099e-31, 9.903633992155904e-07, 0.0, 0.0, 0.0, 0.0, 0.0, 0.0, 3.4036187266380795e-06
1492028613490683148,108074,1492028613,447746038,-0.120534500775,0.741296586427,0.0,0.0,0.0,0.287656229927,0.95773372781,318.43015679226335, 3.3781694395780626, 0.0, 0.0, 0.0, -139.69899227716104, 3.378169439581329, 207.32835780861433, 0.0, 0.0, 0.0, -8.859173730904727, 0.0, 0.0, 9.98325013389455e-07, -2.4145054249532024e-18, 8.667908518642472e-16, 0.0, 0.0, 0.0, -2.4145054249531997e-18, 9.966613649803961e-07, 1.249434556475241e-24, 0.0, 0.0, 0.0, 8.667908518642469e-16, 1.2494439212915399e-24, 9.966613649803957e-07, 0.0, -139.69899227715442, -8.85917373090456, 0.0, 0.0, 0.0, 216.14750797221112,-0.0172165153825,-0.000260999736662,0.0,0.0,0.0,1.52327420272,3.3274259508152485e-06, 0.0, 0.0, 0.0, 0.0, 0.0, 0.0, 3.3274259508152485e-06, 0.0, 0.0, 0.0, 0.0, 0.0, 0.0, 9.974917130016596e-07, 1.10931488575609e-24, 1.7453337886803675e-24, 0.0, 0.0, 0.0, 1.1093148857560896e-24, 9.90114716657094e-07, -1.8745072801621865e-30, 0.0, 0.0, 0.0, 1.745333788680367e-24, -1.8755244319719657e-30, 9.90114716657094e-07, 0.0, 0.0, 0.0, 0.0, 0.0, 0.0, 3.3163512524598897e-06
1492028613534668220,108075,1492028613,487864971,-0.121206456841,0.740826499372,0.0,0.0,0.0,0.316621420525,0.94855198912,318.29979133135276, 3.4659929523842488, 0.0, 0.0, 0.0, -139.5965492406872, 3.4659929523875097, 207.34213765652888, 0.0, 0.0, 0.0, -9.001659195991055, 0.0, 0.0, 9.983449603770102e-07, -3.750995863157325e-18, 1.2818856436756808e-15, 0.0, 0.0, 0.0, -3.7509958631573195e-18, 9.967010135979956e-07, 2.9051778381598706e-24, 0.0, 0.0, 0.0, 1.2818856436756808e-15, 2.905231150380366e-24, 9.967010135979948e-07, 0.0, -139.5965492406806, -9.001659195990884, 0.0, 0.0, 0.0, 216.14991510954275,-0.0247036745159,-0.000378199627075,0.0,0.0,0.0,1.51549541742,3.3676489478947132e-06, 0.0, 0.0, 0.0, 0.0, 0.0, 0.0, 3.3676489478947132e-06, 0.0, 0.0, 0.0, 0.0, 0.0, 0.0, 9.975215341390612e-07, 1.79243867531447e-24, 2.4776975973571754e-24, 0.0, 0.0, 0.0, 1.792438675314469e-24, 9.90230515133143e-07, -4.3546051146668524e-30, 0.0, 0.0, 0.0, 2.477697597357176e-24, -4.357839303425768e-30, 9.90230515133143e-07, 0.0, 0.0, 0.0, 0.0, 0.0, 0.0, 3.3564271035911823e-06
1492028613552323389,108076,1492028613,527936935,-0.122020239939,0.740168268264,0.0,0.0,0.0,0.345381331425,0.938462431802,318.117871384174, 3.5730604000533464, 0.0, 0.0, 0.0, -139.4540832221595, 3.573060400056601, 207.35887138368938, 0.0, 0.0, 0.0, -9.176807511644295, 0.0, 0.0, 9.983438232879034e-07, -5.134520382299191e-18, 1.4963872301570115e-15, 0.0, 0.0, 0.0, -5.134520382299189e-18, 9.96698770668206e-07, 4.639007948922087e-24, 0.0, 0.0, 0.0, 1.496387230157011e-15, 4.639031753295829e-24, 9.966987706682045e-07, 0.0, -139.4540832221529, -9.176807511644121, 0.0, 0.0, 0.0, 216.15231942876613,-0.0272833056393,-0.000418254572713,0.0,0.0,0.0,1.52265956238,3.365332638450001e-06, 0.0, 0.0, 0.0, 0.0, 0.0, 0.0, 3.365332638450001e-06, 0.0, 0.0, 0.0, 0.0, 0.0, 0.0, 9.975198341761504e-07, 2.2635905382446975e-24, 2.7609050206946365e-24, 0.0, 0.0, 0.0, 2.2635905382446968e-24, 9.9022391694232e-07, -6.1305556751012526e-30, 0.0, 0.0, 0.0, 2.760905020694637e-24, -6.1293573268808226e-30, 9.9022391694232e-07, 0.0, 0.0, 0.0, 0.0, 0.0, 0.0, 3.3541207379062566e-06
1492028613590686504,108077,1492028613,567990065,-0.122821846443,0.739432382259,0.0,0.0,0.0,0.373631182026,0.927577349776,317.914721881851, 3.6778422067083705, 0.0, 0.0, 0.0, -139.29499999725653, 3.677842206711619, 207.3757086625724, 0.0, 0.0, 0.0, -9.349884788390506, 0.0, 0.0, 9.982860820315873e-07, -7.553511934694163e-18, 1.522337820763364e-15, 0.0, 0.0, 0.0, -7.553511934694159e-18, 9.965840743999577e-07, 6.709049291726633e-24, 0.0, 0.0, 0.0, 1.5223378207633635e-15, 6.709093930882736e-24, 9.965840743999562e-07, 0.0, -139.2949999972499, -9.349884788390328, 0.0, 0.0, 0.0, 216.15472261789432,-0.0284818339357,-0.000432686215245,0.0,0.0,0.0,1.56736808489,3.251616329896771e-06, 0.0, 0.0, 0.0, 0.0, 0.0, 0.0, 3.251616329896771e-06, 0.0, 0.0, 0.0, 0.0, 0.0, 0.0, 9.974335132402756e-07, 2.4678848037835057e-24, 2.6654991352352658e-24, 0.0, 0.0, 0.0, 2.467884803783505e-24, 9.898888347342753e-07, -6.233547125289972e-30, 0.0, 0.0, 0.0, 2.665499135235266e-24, -6.2321756334252065e-30, 9.898888347342753e-07, 0.0, 0.0, 0.0, 0.0, 0.0, 0.0, 3.240817708263726e-06
1492028613634769433,108078,1492028613,608289003,-0.12360910438,0.73861414238,0.0,0.0,0.0,0.401910912277,0.915678774785,317.6889631297261, 3.7797777342932273, 0.0, 0.0, 0.0, -139.11816003928112, 3.7797777342964674, 207.39258773937695, 0.0, 0.0, 0.0, -9.52015278110758, 0.0, 0.0, 9.983604486068512e-07, -7.579401347624008e-18, 1.5541946564537202e-15, 0.0, 0.0, 0.0, -7.579401347624008e-18, 9.967318240146549e-07, 7.184715746201692e-24, 0.0, 0.0, 0.0, 1.5541946564537196e-15, 7.184709671517721e-24, 9.967318240146532e-07, 0.0, -139.1181600392745, -9.5201527811074, 0.0, 0.0, 0.0, 216.15714055559536,-0.0290122629767,-0.000439067030711,0.0,0.0,0.0,1.49369225129,3.3995830354435657e-06, 0.0, 0.0, 0.0, 0.0, 0.0, 0.0, 3.3995830354435657e-06, 0.0, 0.0, 0.0, 0.0, 0.0, 0.0, 9.975446905511477e-07, 2.6816446071903755e-24, 2.565483242281959e-24, 0.0, 0.0, 0.0, 2.681644607190376e-24, 9.903205012808797e-07, -6.813811958052688e-30, 0.0, 0.0, 0.0, 2.5654832422819603e-24, -6.819456297982468e-30, 9.903205012808797e-07, 0.0, 0.0, 0.0, 0.0, 0.0, 0.0, 3.388259192965747e-06
1492028613674708518,108079,1492028613,608289003,-0.12360910438,0.73861414238,0.0,0.0,0.0,0.401910912277,0.915678774785,317.6889631297261, 3.7797777342932273, 0.0, 0.0, 0.0, -139.11816003928112, 3.7797777342964674, 207.39258773937695, 0.0, 0.0, 0.0, -9.52015278110758, 0.0, 0.0, 9.983604486068512e-07, -7.579401347624008e-18, 1.5541946564537202e-15, 0.0, 0.0, 0.0, -7.579401347624008e-18, 9.967318240146549e-07, 7.184715746201692e-24, 0.0, 0.0, 0.0, 1.5541946564537196e-15, 7.184709671517721e-24, 9.967318240146532e-07, 0.0, -139.1181600392745, -9.5201527811074, 0.0, 0.0, 0.0, 216.15714055559536,-0.0290122629767,-0.000439067030711,0.0,0.0,0.0,1.49369225129,3.3995830354435657e-06, 0.0, 0.0, 0.0, 0.0, 0.0, 0.0, 3.3995830354435657e-06, 0.0, 0.0, 0.0, 0.0, 0.0, 0.0, 9.975446905511477e-07, 2.6816446071903755e-24, 2.565483242281959e-24, 0.0, 0.0, 0.0, 2.681644607190376e-24, 9.903205012808797e-07, -6.813811958052688e-30, 0.0, 0.0, 0.0, 2.5654832422819603e-24, -6.819456297982468e-30, 9.903205012808797e-07, 0.0, 0.0, 0.0, 0.0, 0.0, 0.0, 3.388259192965747e-06
1492028613714684889,108080,1492028613,648138046,-0.124403988375,0.737682921659,0.0,0.0,0.0,0.42938137726,0.903123265597,317.431985007218, 3.8810758315491944, 0.0, 0.0, 0.0, -138.91682356671512, 3.8810758315524283, 207.40981571018088, 0.0, 0.0, 0.0, -9.691573006620207, 0.0, 0.0, 9.983388645623799e-07, -9.85616081599245e-18, 1.7574035765236403e-15, 0.0, 0.0, 0.0, -9.856160815992457e-18, 9.966889581547357e-07, 1.0427267683244566e-23, 0.0, 0.0, 0.0, 1.757403576523639e-15, 1.0427246854516848e-23, 9.966889581547337e-07, 0.0, -138.9168235667085, -9.691573006620024, 0.0, 0.0, 0.0, 216.15953149951866,-0.0307343602078,-0.00046315890272,0.0,0.0,0.0,1.50933226069,3.35525951182158e-06, 0.0, 0.0, 0.0, 0.0, 0.0, 0.0, 3.35525951182158e-06, 0.0, 0.0, 0.0, 0.0, 0.0, 0.0, 9.975124207280694e-07, 3.1977322575590778e-24, 2.7131692953162706e-24, 0.0, 0.0, 0.0, 3.197732257559076e-24, 9.901951304088638e-07, -8.481108961211656e-30, 0.0, 0.0, 0.0, 2.7131692953162714e-24, -8.485190868727049e-30, 9.901951304088638e-07, 0.0, 0.0, 0.0, 0.0, 0.0, 0.0, 3.344085878573754e-06
1492028613754744068,108081,1492028613,688402891,-0.125112588974,0.736726990189,0.0,0.0,0.0,0.456532828728,0.889706567523,317.168638501903, 3.9717396771981455, 0.0, 0.0, 0.0, -138.71021444967386, 3.971739677201376, 207.425904810023, 0.0, 0.0, 0.0, -9.847295498474587, 0.0, 0.0, 9.98368293913926e-07, -9.404217600940834e-18, 1.5288699019944642e-15, 0.0, 0.0, 0.0, -9.404217600940832e-18, 9.967474368688335e-07, 8.811495549402505e-24, 0.0, 0.0, 0.0, 1.5288699019944638e-15, 8.811492131695374e-24, 9.96747436868832e-07, 0.0, -138.71021444966723, -9.8472954984744, 0.0, 0.0, 0.0, 216.1619473915932,-0.0257320404705,-0.000385343952298,0.0,0.0,0.0,1.47454819937,3.41597481118725e-06, 0.0, 0.0, 0.0, 0.0, 0.0, 0.0, 3.41597481118725e-06, 0.0, 0.0, 0.0, 0.0, 0.0, 0.0, 9.975564201083892e-07, 2.9199740716220663e-24, 2.1907967904093852e-24, 0.0, 0.0, 0.0, 2.9199740716220663e-24, 9.903660700770398e-07, -6.363120097730989e-30, 0.0, 0.0, 0.0, 2.190796790409385e-24, -6.366801476785677e-30, 9.903660700770398e-07, 0.0, 0.0, 0.0, 0.0, 0.0, 0.0, 3.4045902276075664e-06
1492028613754774193,108082,1492028613,728208065,-0.125662844151,0.735897899231,0.0,0.0,0.0,0.482393538568,0.875954607242,316.94080315823476, 4.03981800090581, 0.0, 0.0, 0.0, -138.53102121780498, 4.03981800090904, 207.4387995998384, 0.0, 0.0, 0.0, -9.966262134527252, 0.0, 0.0, 9.982104396076448e-07, -1.0806535513036505e-17, 1.4227226830729565e-15, 0.0, 0.0, 0.0, -1.0806535513036503e-17, 9.964339005432722e-07, 8.591302413976432e-24, 0.0, 0.0, 0.0, 1.4227226830729569e-15, 8.591346299359665e-24, 9.96433900543271e-07, 0.0, -138.53102121779835, -9.966262134527067, 0.0, 0.0, 0.0, 216.1643357033981,-0.0262970786101,-0.000391286587983,0.0,0.0,0.0,1.59676934297,3.113711061998919e-06, 0.0, 0.0, 0.0, 0.0, 0.0, 0.0, 3.113711061998919e-06, 0.0, 0.0, 0.0, 0.0, 0.0, 0.0, 9.973204451903354e-07, 2.8268701255052358e-24, 1.8717134380570054e-24, 0.0, 0.0, 0.0, 2.8268701255052354e-24, 9.894503788004862e-07, -4.800329238613635e-30, 0.0, 0.0, 0.0, 1.8717134380570057e-24, -4.803703071208816e-30, 9.894503788004862e-07, 0.0, 0.0, 0.0, 0.0, 0.0, 0.0, 3.10339163039813e-06
1492028613794723139,108083,1492028613,768347979,-0.126194157457,0.734982767492,0.0,0.0,0.0,0.508741552223,0.860919295313,316.68946265122025, 4.104172244017267, 0.0, 0.0, 0.0, -138.3332169430583, 4.104172244020492, 207.451454498541, 0.0, 0.0, 0.0, -10.081075619997357, 0.0, 0.0, 9.983591399983354e-07, -1.0896028653855966e-17, 1.4750440480179979e-15, 0.0, 0.0, 0.0, -1.0896028653855972e-17, 9.967292701339542e-07, 9.794940282189734e-24, 0.0, 0.0, 0.0, 1.475044048017998e-15, 9.794953762140545e-24, 9.96729270133953e-07, 0.0, -138.33321694305167, -10.081075619997174, 0.0, 0.0, 0.0, 216.16674409955488,-0.0270182241207,-0.000397156776216,0.0,0.0,0.0,1.45910974973,3.3968461972852832e-06, 0.0, 0.0, 0.0, 0.0, 0.0, 0.0, 3.3968461972852832e-06, 0.0, 0.0, 0.0, 0.0, 0.0, 0.0, 9.975427338091522e-07, 3.0449326574272784e-24, 1.7661218936569216e-24, 0.0, 0.0, 0.0, 3.0449326574272766e-24, 9.903128742688453e-07, -5.324092293573173e-30, 0.0, 0.0, 0.0, 1.7661218936569212e-24, -5.325507516778223e-30, 9.903128742688453e-07, 0.0, 0.0, 0.0, 0.0, 0.0, 0.0, 3.3855226452548696e-06
1492028613819142753,108084,1492028613,808540106,-0.126696788989,0.733990912325,0.0,0.0,0.0,0.533789968152,0.845617094139,316.4174288452014, 4.163111628515764, 0.0, 0.0, 0.0, -138.11893275476803, 4.163111628518984, 207.46358051580575, 0.0, 0.0, 0.0, -10.188960915855635, 0.0, 0.0, 9.983148788848958e-07, -1.3308136984746741e-17, 1.5478798037808634e-15, 0.0, 0.0, 0.0, -1.3308136984746741e-17, 9.966413376658353e-07, 1.2224333035758042e-23, 0.0, 0.0, 0.0, 1.5478798037808636e-15, 1.2224306573919959e-23, 9.96641337665834e-07, 0.0, -138.1189327547614, -10.188960915855453, 0.0, 0.0, 0.0, 216.1691556285768,-0.0293959519079,-0.000433524479042,0.0,0.0,0.0,1.49900363681,3.307364646636593e-06, 0.0, 0.0, 0.0, 0.0, 0.0, 0.0, 3.307364646636593e-06, 0.0, 0.0, 0.0, 0.0, 0.0, 0.0, 9.974765623155948e-07, 3.2989886760919722e-24, 1.6638552912140686e-24, 0.0, 0.0, 0.0, 3.2989886760919722e-24, 9.90055915143576e-07, -5.289137700340269e-30, 0.0, 0.0, 0.0, 1.6638552912140697e-24, -5.291697166823808e-30, 9.90055915143576e-07, 0.0, 0.0, 0.0, 0.0, 0.0, 0.0, 3.296368805067353e-06
1492028613858728543,108085,1492028613,808540106,-0.126696788989,0.733990912325,0.0,0.0,0.0,0.533789968152,0.845617094139,316.4174288452014, 4.163111628515764, 0.0, 0.0, 0.0, -138.11893275476803, 4.163111628518984, 207.46358051580575, 0.0, 0.0, 0.0, -10.188960915855635, 0.0, 0.0, 9.983148788848958e-07, -1.3308136984746741e-17, 1.5478798037808634e-15, 0.0, 0.0, 0.0, -1.3308136984746741e-17, 9.966413376658353e-07, 1.2224333035758042e-23, 0.0, 0.0, 0.0, 1.5478798037808636e-15, 1.2224306573919959e-23, 9.96641337665834e-07, 0.0, -138.1189327547614, -10.188960915855453, 0.0, 0.0, 0.0, 216.1691556285768,-0.0293959519079,-0.000433524479042,0.0,0.0,0.0,1.49900363681,3.307364646636593e-06, 0.0, 0.0, 0.0, 0.0, 0.0, 0.0, 3.307364646636593e-06, 0.0, 0.0, 0.0, 0.0, 0.0, 0.0, 9.974765623155948e-07, 3.2989886760919722e-24, 1.6638552912140686e-24, 0.0, 0.0, 0.0, 3.2989886760919722e-24, 9.90055915143576e-07, -5.289137700340269e-30, 0.0, 0.0, 0.0, 1.6638552912140697e-24, -5.291697166823808e-30, 9.90055915143576e-07, 0.0, 0.0, 0.0, 0.0, 0.0, 0.0, 3.296368805067353e-06
1492028613898735044,108086,1492028613,848439932,-0.127175929061,0.732885363347,0.0,0.0,0.0,0.558703420279,0.829367522977,316.11444273017486, 4.217558838613004, 0.0, 0.0, 0.0, -137.88006308037637, 4.217558838616217, 207.47533560847475, 0.0, 0.0, 0.0, -10.291975731027934, 0.0, 0.0, 9.98340520799277e-07, -1.569855478855298e-17, 1.715490530112924e-15, 0.0, 0.0, 0.0, -1.569855478855297e-17, 9.966922923159095e-07, 1.6228514407307518e-23, 0.0, 0.0, 0.0, 1.715490530112924e-15, 1.62284844282158e-23, 9.966922923159074e-07, 0.0, -137.88006308036975, -10.291975731027756, 0.0, 0.0, 0.0, 216.17154961948418,-0.0313565169625,-0.000464643619618,0.0,0.0,0.0,1.47942430737,3.3586214219676674e-06, 0.0, 0.0, 0.0, 0.0, 0.0, 0.0, 3.3586214219676674e-06, 0.0, 0.0, 0.0, 0.0, 0.0, 0.0, 9.97514896905415e-07, 3.7568660036768915e-24, 1.6275747593474859e-24, 0.0, 0.0, 0.0, 3.756866003676891e-24, 9.902047512869079e-07, -5.979946783333065e-30, 0.0, 0.0, 0.0, 1.6275747593474853e-24, -5.983258283890572e-30, 9.902047512869079e-07, 0.0, 0.0, 0.0, 0.0, 0.0, 0.0, 3.347437289735264e-06
1492028613938719779,108087,1492028613,888456106,-0.127635293344,0.731638896877,0.0,0.0,0.0,0.582986193503,0.812482060224,315.7736865258241, 4.266745254971667, 0.0, 0.0, 0.0, -137.6111084137462, 4.266745254974878, 207.4866529969391, 0.0, 0.0, 0.0, -10.389357567508227, 0.0, 0.0, 9.983360572424031e-07, -1.9612347948999412e-17, 1.9659058367541225e-15, 0.0, 0.0, 0.0, -1.961234794899941e-17, 9.966834317861265e-07, 2.3171602882887098e-23, 0.0, 0.0, 0.0, 1.9659058367541233e-15, 2.317160928034489e-23, 9.96683431786124e-07, 0.0, -137.61110841373957, -10.38935756750805, 0.0, 0.0, 0.0, 216.17395059130578,-0.0364508737659,-0.000539088503228,0.0,0.0,0.0,1.48105476524,3.349581469330495e-06, 0.0, 0.0, 0.0, 0.0, 0.0, 0.0, 3.349581469330495e-06, 0.0, 0.0, 0.0, 0.0, 0.0, 0.0, 9.975082237023568e-07, 4.406222737350658e-24, 1.610729186614071e-24, 0.0, 0.0, 0.0, 4.406222737350659e-24, 9.901788315703041e-07, -6.930227817332278e-30, 0.0, 0.0, 0.0, 1.610729186614071e-24, -6.926655698171506e-30, 9.901788315703041e-07, 0.0, 0.0, 0.0, 0.0, 0.0, 0.0, 3.3384283765742927e-06
1492028613978703830,108088,1492028613,928585052,-0.128082422283,0.730142951447,0.0,0.0,0.0,0.606918752594,0.79476388176,315.3647677902029, 4.3120693438285675, 0.0, 0.0, 0.0, -137.2879654184129, 4.312069343831775, 207.49791230901516, 0.0, 0.0, 0.0, -10.485179336776522, 0.0, 0.0, 9.983654320042462e-07, -2.451424682885927e-17, 2.3703733038221822e-15, 0.0, 0.0, 0.0, -2.451424682885928e-17, 9.967418191133725e-07, 3.5549619477513737e-23, 0.0, 0.0, 0.0, 2.370373303822182e-15, 3.554961659566351e-23, 9.967418191133687e-07, 0.0, -137.2879654184063, -10.48517933677635, 0.0, 0.0, 0.0, 216.17635832945172,-0.0392200637576,-0.000578870937901,0.0,0.0,0.0,1.4548602581,3.409927556229405e-06, 0.0, 0.0, 0.0, 0.0, 0.0, 0.0, 3.409927556229405e-06, 0.0, 0.0, 0.0, 0.0, 0.0, 0.0, 9.975521404874478e-07, 5.408817055672955e-24, 1.6300222519502976e-24, 0.0, 0.0, 0.0, 5.408817055672954e-24, 9.903493674737403e-07, -8.761685282489821e-30, 0.0, 0.0, 0.0, 1.630022251950298e-24, -8.763249630820555e-30, 9.903493674737403e-07, 0.0, 0.0, 0.0, 0.0, 0.0, 0.0, 3.39853818332179e-06
1492028614018756604,108089,1492028613,968574047,-0.128428952598,0.728629659069,0.0,0.0,0.0,0.629968091168,0.776621017041,314.95083955453737, 4.344808229579911, 0.0, 0.0, 0.0, -136.9601085941953, 4.344808229583114, 207.5073865698964, 0.0, 0.0, 0.0, -10.561953788891241, 0.0, 0.0, 9.983190928388788e-07, -2.4324259557140825e-17, 2.091000970188528e-15, 0.0, 0.0, 0.0, -2.432425955714083e-17, 9.966497389356511e-07, 3.025894542015366e-23, 0.0, 0.0, 0.0, 2.091000970188528e-15, 3.025896573056548e-23, 9.966497389356486e-07, 0.0, -136.96010859418868, -10.561953788891069, 0.0, 0.0, 0.0, 216.17875767049517,-0.0357782379136,-0.000527082163117,0.0,0.0,0.0,1.49110704342,3.315670796131585e-06, 0.0, 0.0, 0.0, 0.0, 0.0, 0.0, 3.315670796131585e-06, 0.0, 0.0, 0.0, 0.0, 0.0, 0.0, 9.974828618877157e-07, 4.8540266540065094e-24, 1.1551022134841018e-24, 0.0, 0.0, 0.0, 4.854026654006509e-24, 9.900803544589266e-07, -5.4157163240919864e-30, 0.0, 0.0, 0.0, 1.1551022134841021e-24, -5.4179755082967615e-30, 9.900803544589266e-07, 0.0, 0.0, 0.0, 0.0, 0.0, 0.0, 3.304639009996007e-06
1492028614058747678,108090,1492028614,8624077,-0.128638276694,0.727341368366,0.0,0.0,0.0,0.652607256578,0.757696356506,314.5984792568841, 4.361868400692068, 0.0, 0.0, 0.0, -136.68015704955778, 4.361868400695267, 207.51415054426258, 0.0, 0.0, 0.0, -10.610570168939194, 0.0, 0.0, 9.983360571937256e-07, -2.0662584369617487e-17, 1.6758360458359754e-15, 0.0, 0.0, 0.0, -2.0662584369617484e-17, 9.966834464246803e-07, 2.081047106460132e-23, 0.0, 0.0, 0.0, 1.6758360458359756e-15, 2.08104657330645e-23, 9.966834464246788e-07, 0.0, -136.68015704955113, -10.610570168939027, 0.0, 0.0, 0.0, 216.18116067364235,-0.0285870889423,-0.000419484155014,0.0,0.0,0.0,1.46876101371,3.349575230126002e-06, 0.0, 0.0, 0.0, 0.0, 0.0, 0.0, 3.349575230126002e-06, 0.0, 0.0, 0.0, 0.0, 0.0, 0.0, 9.975082235394544e-07, 3.9368947597706545e-24, 6.986717309489476e-25, 0.0, 0.0, 0.0, 3.9368947597706545e-24, 9.901788217447052e-07, -2.6843518036001797e-30, 0.0, 0.0, 0.0, 6.986717309489474e-25, -2.6858856504997182e-30, 9.901788217447052e-07, 0.0, 0.0, 0.0, 0.0, 0.0, 0.0, 3.3384187871894454e-06
1492028614058786420,108091,1492028614,8624077,-0.128638276694,0.727341368366,0.0,0.0,0.0,0.652607256578,0.757696356506,314.5984792568841, 4.361868400692068, 0.0, 0.0, 0.0, -136.68015704955778, 4.361868400695267, 207.51415054426258, 0.0, 0.0, 0.0, -10.610570168939194, 0.0, 0.0, 9.983360571937256e-07, -2.0662584369617487e-17, 1.6758360458359754e-15, 0.0, 0.0, 0.0, -2.0662584369617484e-17, 9.966834464246803e-07, 2.081047106460132e-23, 0.0, 0.0, 0.0, 1.6758360458359756e-15, 2.08104657330645e-23, 9.966834464246788e-07, 0.0, -136.68015704955113, -10.610570168939027, 0.0, 0.0, 0.0, 216.18116067364235,-0.0285870889423,-0.000419484155014,0.0,0.0,0.0,1.46876101371,3.349575230126002e-06, 0.0, 0.0, 0.0, 0.0, 0.0, 0.0, 3.349575230126002e-06, 0.0, 0.0, 0.0, 0.0, 0.0, 0.0, 9.975082235394544e-07, 3.9368947597706545e-24, 6.986717309489476e-25, 0.0, 0.0, 0.0, 3.9368947597706545e-24, 9.901788217447052e-07, -2.6843518036001797e-30, 0.0, 0.0, 0.0, 6.986717309489474e-25, -2.6858856504997182e-30, 9.901788217447052e-07, 0.0, 0.0, 0.0, 0.0, 0.0, 0.0, 3.3384187871894454e-06
1492028614098733329,108092,1492028614,48804045,-0.128754176889,0.726249129457,0.0,0.0,0.0,0.674602696222,0.738181009137,314.3010695612552, 4.367152660189858, 0.0, 0.0, 0.0, -136.4431617283461, 4.367152660193057, 207.51879389424758, 0.0, 0.0, 0.0, -10.637372654268054, 0.0, 0.0, 9.983615628758958e-07, -1.8965420770370146e-17, 1.4519376900530108e-15, 0.0, 0.0, 0.0, -1.8965420770370143e-17, 9.967341211236242e-07, 1.680681909597462e-23, 0.0, 0.0, 0.0, 1.4519376900530114e-15, 1.6806819164975574e-23, 9.96734121123623e-07, 0.0, -136.44316172833945, -10.637372654267887, 0.0, 0.0, 0.0, 216.18357147308845,-0.0249449848333,-0.000363576753684,0.0,0.0,0.0,1.43925806187,3.401884112681418e-06, 0.0, 0.0, 0.0, 0.0, 0.0, 0.0, 3.401884112681418e-06, 0.0, 0.0, 0.0, 0.0, 0.0, 0.0, 9.975463562420445e-07, 3.441108296113802e-24, 4.072436677740612e-25, 0.0, 0.0, 0.0, 3.4411082961138045e-24, 9.903269468468241e-07, -1.3891615992529515e-30, 0.0, 0.0, 0.0, 4.0724366777406153e-25, -1.3890295457845203e-30, 9.903269468468241e-07, 0.0, 0.0, 0.0, 0.0, 0.0, 0.0, 3.390542135124992e-06
1492028614119026238,108093,1492028614,88979959,-0.128799765854,0.725298393405,0.0,0.0,0.0,0.695828600675,0.718207879713,314.0428846353854, 4.364053911357009, 0.0, 0.0, 0.0, -136.2368765892315, 4.36405391136021, 207.521904442615, 0.0, 0.0, 0.0, -10.648562202665374, 0.0, 0.0, 9.983650881563098e-07, -1.7701204005866513e-17, 1.277462750155958e-15, 0.0, 0.0, 0.0, -1.7701204005866516e-17, 9.967411302018721e-07, 1.3831242744044555e-23, 0.0, 0.0, 0.0, 1.2774627501559581e-15, 1.3831240015829372e-23, 9.967411302018713e-07, 0.0, -136.23687658922486, -10.648562202665207, 0.0, 0.0, 0.0, 216.18598202935175,-0.0221172015961,-0.000321925531454,0.0,0.0,0.0,1.43189735108,3.409232942130893e-06, 0.0, 0.0, 0.0, 0.0, 0.0, 0.0, 3.409232942130893e-06, 0.0, 0.0, 0.0, 0.0, 0.0, 0.0, 9.975516267850124e-07, 3.0421391653064713e-24, 1.8438091449777808e-25, 0.0, 0.0, 0.0, 3.0421391653064727e-24, 9.90347411071919e-07, -5.572995530978109e-31, 0.0, 0.0, 0.0, 1.8438091449777808e-25, -5.564857939556705e-31, 9.90347411071919e-07, 0.0, 0.0, 0.0, 0.0, 0.0, 0.0, 3.3978596897063525e-06
1492028614158755193,108094,1492028614,128861904,-0.128797358015,0.724392068389,0.0,0.0,0.0,0.716337242017,0.69775422299,313.7984519009669, 4.353819093958818, 0.0, 0.0, 0.0, -136.04121541091558, 4.353819093962023, 207.52380504811237, 0.0, 0.0, 0.0, -10.647613045678252, 0.0, 0.0, 9.983409933564765e-07, -1.9128854241633452e-17, 1.303074828348671e-15, 0.0, 0.0, 0.0, -1.9128854241633452e-17, 9.966932526956565e-07, 1.5025007937502578e-23, 0.0, 0.0, 0.0, 1.3030748283486708e-15, 1.5025007676985194e-23, 9.966932526956557e-07, 0.0, -136.04121541090893, -10.647613045678085, 0.0, 0.0, 0.0, 216.18837494738383,-0.0235974981922,-0.000343739536296,0.0,0.0,0.0,1.45224013163,3.359575887913062e-06, 0.0, 0.0, 0.0, 0.0, 0.0, 0.0, 3.359575887913062e-06, 0.0, 0.0, 0.0, 0.0, 0.0, 0.0, 9.975156033225785e-07, 3.109582125659571e-24, 8.779132998926574e-27, 0.0, 0.0, 0.0, 3.1095821256595727e-24, 9.902074871803187e-07, -2.6802925295828136e-32, 0.0, 0.0, 0.0, 8.779132998926582e-27, -2.6723692619458503e-32, 9.902074871803187e-07, 0.0, 0.0, 0.0, 0.0, 0.0, 0.0, 3.3483854939684485e-06
1492028614198692431,108095,1492028614,168917894,-0.128740733727,0.723391397039,0.0,0.0,0.0,0.73626704029,0.676691100416,313.5297028326641, 4.334626551534104, 0.0, 0.0, 0.0, -135.82591295452812, 4.334626551537306, 207.5244621692798, 0.0, 0.0, 0.0, -10.633942850567335, 0.0, 0.0, 9.983121119925626e-07, -2.354650264801946e-17, 1.5140619867744462e-15, 0.0, 0.0, 0.0, -2.3546502648019456e-17, 9.966358762995213e-07, 2.1121805712798846e-23, 0.0, 0.0, 0.0, 1.5140619867744466e-15, 2.1121804835185672e-23, 9.966358762995198e-07, 0.0, -135.82591295452147, -10.633942850567168, 0.0, 0.0, 0.0, 216.19077830816857,-0.0277774894105,-0.000406517492996,0.0,0.0,0.0,1.48425291542,3.301911233735232e-06, 0.0, 0.0, 0.0, 0.0, 0.0, 0.0, 3.301911233735232e-06, 0.0, 0.0, 0.0, 0.0, 0.0, 0.0, 9.974724257101423e-07, 3.607079542980821e-24, -1.9730397975800037e-25, 0.0, 0.0, 0.0, 3.6070795429808225e-24, 9.90039835502889e-07, 6.850958096440228e-31, 0.0, 0.0, 0.0, -1.973039797580004e-25, 6.852778411183788e-31, 9.90039835502889e-07, 0.0, 0.0, 0.0, 0.0, 0.0, 0.0, 3.290926834164892e-06
1492028614238747464,108096,1492028614,168917894,-0.128740733727,0.723391397039,0.0,0.0,0.0,0.73626704029,0.676691100416,313.5297028326641, 4.334626551534104, 0.0, 0.0, 0.0, -135.82591295452812, 4.334626551537306, 207.5244621692798, 0.0, 0.0, 0.0, -10.633942850567335, 0.0, 0.0, 9.983121119925626e-07, -2.354650264801946e-17, 1.5140619867744462e-15, 0.0, 0.0, 0.0, -2.3546502648019456e-17, 9.966358762995213e-07, 2.1121805712798846e-23, 0.0, 0.0, 0.0, 1.5140619867744466e-15, 2.1121804835185672e-23, 9.966358762995198e-07, 0.0, -135.82591295452147, -10.633942850567168, 0.0, 0.0, 0.0, 216.19077830816857,-0.0277774894105,-0.000406517492996,0.0,0.0,0.0,1.48425291542,3.301911233735232e-06, 0.0, 0.0, 0.0, 0.0, 0.0, 0.0, 3.301911233735232e-06, 0.0, 0.0, 0.0, 0.0, 0.0, 0.0, 9.974724257101423e-07, 3.607079542980821e-24, -1.9730397975800037e-25, 0.0, 0.0, 0.0, 3.6070795429808225e-24, 9.90039835502889e-07, 6.850958096440228e-31, 0.0, 0.0, 0.0, -1.973039797580004e-25, 6.852778411183788e-31, 9.90039835502889e-07, 0.0, 0.0, 0.0, 0.0, 0.0, 0.0, 3.290926834164892e-06
1492028614278680186,108097,1492028614,209009886,-0.12860297199,0.722266469402,0.0,0.0,0.0,0.755798842979,0.654803870599,313.22624133768085, 4.304065622719597, 0.0, 0.0, 0.0, -135.58259253425, 4.3040656227228, 207.52355435275717, 0.0, 0.0, 0.0, -10.604296234952196, 0.0, 0.0, 9.983192545198353e-07, -2.6223897736129564e-17, 1.5920382731222691e-15, 0.0, 0.0, 0.0, -2.6223897736129567e-17, 9.966500625611587e-07, 2.4840161266319522e-23, 0.0, 0.0, 0.0, 1.592038273122269e-15, 2.484016164696152e-23, 9.966500625611575e-07, 0.0, -135.58259253424336, -10.604296234952029, 0.0, 0.0, 0.0, 216.19318382902176,-0.0279126879642,-0.000409505833728,0.0,0.0,0.0,1.48657223278,3.315993746156676e-06, 0.0, 0.0, 0.0, 0.0, 0.0, 0.0, 3.315993746156676e-06, 0.0, 0.0, 0.0, 0.0, 0.0, 0.0, 9.974831036408012e-07, 3.7756686722744046e-24, -4.259633977707897e-25, 0.0, 0.0, 0.0, 3.7756686722744046e-24, 9.900812974571707e-07, 1.5546128631901597e-30, 0.0, 0.0, 0.0, -4.259633977707895e-25, 1.5534556936596725e-30, 9.900812974571707e-07, 0.0, 0.0, 0.0, 0.0, 0.0, 0.0, 3.304962445648067e-06
1492028614318947832,108098,1492028614,249216080,-0.128403759518,0.721247676313,0.0,0.0,0.0,0.774885815629,0.632101236146,312.9490818949723, 4.267918337838813, 0.0, 0.0, 0.0, -135.35983362612353, 4.267918337842021, 207.52162047430147, 0.0, 0.0, 0.0, -10.564013769629884, 0.0, 0.0, 9.9835964057286e-07, -2.2596134351680482e-17, 1.2892964446458215e-15, 0.0, 0.0, 0.0, -2.259613435168048e-17, 9.967302996292195e-07, 1.776046474200201e-23, 0.0, 0.0, 0.0, 1.2892964446458215e-15, 1.7760475381762868e-23, 9.967302996292189e-07, 0.0, -135.35983362611688, -10.564013769629716, 0.0, 0.0, 0.0, 216.19559620203006,-0.0204663167189,-0.000303746873358,0.0,0.0,0.0,1.46209486683,3.3978895746780268e-06, 0.0, 0.0, 0.0, 0.0, 0.0, 0.0, 3.3978895746780268e-06, 0.0, 0.0, 0.0, 0.0, 0.0, 0.0, 9.975434822685217e-07, 3.0333478457153207e-24, -5.202616420514035e-25, 0.0, 0.0, 0.0, 3.0333478457153203e-24, 9.90315787381958e-07, 1.5641279752313776e-30, 0.0, 0.0, 0.0, -5.202616420514036e-25, 1.5630980297900058e-30, 9.90315787381958e-07, 0.0, 0.0, 0.0, 0.0, 0.0, 0.0, 3.386564270821461e-06
1492028614358800606,108099,1492028614,289129972,-0.12822463291,0.720561757013,0.0,0.0,0.0,0.793145980276,0.609031570588,312.76263898195987, 4.237783734880568, 0.0, 0.0, 0.0, -135.20926302028238, 4.237783734883777, 207.52006309694346, 0.0, 0.0, 0.0, -10.527593452478175, 0.0, 0.0, 9.983170694719913e-07, -1.5536128184798855e-17, 8.474023616605725e-16, 0.0, 0.0, 0.0, -1.5536128184798846e-17, 9.966457190979785e-07, 7.823027063927873e-24, 0.0, 0.0, 0.0, 8.474023616605728e-16, 7.823012012153412e-24, 9.966457190979783e-07, 0.0, -135.20926302027573, -10.527593452478007, 0.0, 0.0, 0.0, 216.1979910369547,-0.0138779382167,-0.000204155451437,0.0,0.0,0.0,1.48899511064,3.311669494579655e-06, 0.0, 0.0, 0.0, 0.0, 0.0, 0.0, 3.311669494579655e-06, 0.0, 0.0, 0.0, 0.0, 0.0, 0.0, 9.974798369734068e-07, 1.9695524018886037e-24, -4.579587946291668e-25, 0.0, 0.0, 0.0, 1.9695524018886055e-24, 9.900686074693302e-07, 8.696318641723157e-31, 0.0, 0.0, 0.0, -4.579587946291669e-25, 8.718536610242587e-31, 9.900686074693302e-07, 0.0, 0.0, 0.0, 0.0, 0.0, 0.0, 3.3006507179388626e-06
1492028614358826144,108100,1492028614,329205990,-0.128067418466,0.72005458143,0.0,0.0,0.0,0.81046398502,0.585788467782,312.62712647741705, 4.211383625845554, 0.0, 0.0, 0.0, -135.099274372642, 4.211383625848761, 207.51879239861705, 0.0, 0.0, 0.0, -10.493916301662141, 0.0, 0.0, 9.98311092562852e-07, -1.2892938948283622e-17, 7.03901881582357e-16, 0.0, 0.0, 0.0, -1.2892938948283624e-17, 9.96633826803374e-07, 5.373601649759245e-24, 0.0, 0.0, 0.0, 7.039018815823567e-16, 5.3735999665024924e-24, 9.966338268033737e-07, 0.0, -135.09927437263534, -10.493916301661972, 0.0, 0.0, 0.0, 216.20039559936635,-0.0130237909475,-0.000182282321168,0.0,0.0,0.0,1.42217779911,3.2999187041944907e-06, 0.0, 0.0, 0.0, 0.0, 0.0, 0.0, 3.2999187041944907e-06, 0.0, 0.0, 0.0, 0.0, 0.0, 0.0, 9.97470901809496e-07, 1.6111540415847328e-24, -4.75823846051336e-25, 0.0, 0.0, 0.0, 1.6111540415847336e-24, 9.900339302026017e-07, 7.3856132216902e-31, 0.0, 0.0, 0.0, -4.758238460513362e-25, 7.376413704044882e-31, 9.900339302026017e-07, 0.0, 0.0, 0.0, 0.0, 0.0, 0.0, 3.2889451670689176e-06
1492028614398721111,108101,1492028614,369249105,-0.127884869936,0.719554284765,0.0,0.0,0.0,0.826001836457,0.563667425145,312.4944707245219, 4.181313948826877, 0.0, 0.0, 0.0, -134.99148387953804, 4.1813139488300815, 207.51694022160115, 0.0, 0.0, 0.0, -10.454136314129391, 0.0, 0.0, 9.983124787207191e-07, -1.2972229412357992e-17, 7.477446448538659e-16, 0.0, 0.0, 0.0, -1.2972229412357985e-17, 9.96636550875083e-07, 5.748103856395397e-24, 0.0, 0.0, 0.0, 7.477446448538657e-16, 5.7481059045918e-24, 9.966365508750828e-07, 0.0, -134.9914838795314, -10.454136314129222, 0.0, 0.0, 0.0, 216.20279818766755,-0.0141586686691,-0.000177606060532,0.0,0.0,0.0,1.27643218614,3.3026330188245506e-06, 0.0, 0.0, 0.0, 0.0, 0.0, 0.0, 3.3026330188245506e-06, 0.0, 0.0, 0.0, 0.0, 0.0, 0.0, 9.97472973981816e-07, 1.680125207029026e-24, -6.005397743645601e-25, 0.0, 0.0, 0.0, 1.680125207029026e-24, 9.900419667500714e-07, 9.67779581673549e-31, 0.0, 0.0, 0.0, -6.005397743645606e-25, 9.698386557615854e-31, 9.900419667500714e-07, 0.0, 0.0, 0.0, 0.0, 0.0, 0.0, 3.2916471108596363e-06
1492028614418611321,108102,1492028614,369249105,-0.127884869936,0.719554284765,0.0,0.0,0.0,0.826001836457,0.563667425145,312.4944707245219, 4.181313948826877, 0.0, 0.0, 0.0, -134.99148387953804, 4.1813139488300815, 207.51694022160115, 0.0, 0.0, 0.0, -10.454136314129391, 0.0, 0.0, 9.983124787207191e-07, -1.2972229412357992e-17, 7.477446448538659e-16, 0.0, 0.0, 0.0, -1.2972229412357985e-17, 9.96636550875083e-07, 5.748103856395397e-24, 0.0, 0.0, 0.0, 7.477446448538657e-16, 5.7481059045918e-24, 9.966365508750828e-07, 0.0, -134.9914838795314, -10.454136314129222, 0.0, 0.0, 0.0, 216.20279818766755,-0.0141586686691,-0.000177606060532,0.0,0.0,0.0,1.27643218614,3.3026330188245506e-06, 0.0, 0.0, 0.0, 0.0, 0.0, 0.0, 3.3026330188245506e-06, 0.0, 0.0, 0.0, 0.0, 0.0, 0.0, 9.97472973981816e-07, 1.680125207029026e-24, -6.005397743645601e-25, 0.0, 0.0, 0.0, 1.680125207029026e-24, 9.900419667500714e-07, 9.67779581673549e-31, 0.0, 0.0, 0.0, -6.005397743645606e-25, 9.698386557615854e-31, 9.900419667500714e-07, 0.0, 0.0, 0.0, 0.0, 0.0, 0.0, 3.2916471108596363e-06
1492028614454710890,108103,1492028614,409298897,-0.12765132869,0.719002453103,0.0,0.0,0.0,0.839116459295,0.54395180645,312.3480475247753, 4.143865975850918, 0.0, 0.0, 0.0, -134.87257146218823, 4.143865975854122, 207.51404073124922, 0.0, 0.0, 0.0, -10.403323424434882, 0.0, 0.0, 9.98332683828114e-07, -1.3087191821094801e-17, 8.5839179442582e-16, 0.0, 0.0, 0.0, -1.3087191821094792e-17, 9.966766459359992e-07, 6.737810069863438e-24, 0.0, 0.0, 0.0, 8.583917944258198e-16, 6.737828628395216e-24, 9.96676645935999e-07, 0.0, -134.87257146218158, -10.403323424434712, 0.0, 0.0, 0.0, 216.20520117650884,-0.0153756830064,-0.000159906689746,0.0,0.0,0.0,1.04221800618,3.342779574913203e-06, 0.0, 0.0, 0.0, 0.0, 0.0, 0.0, 3.342779574913203e-06, 0.0, 0.0, 0.0, 0.0, 0.0, 0.0, 9.975031803196369e-07, 1.8909397792769155e-24, -7.870457064150772e-25, 0.0, 0.0, 0.0, 1.8909397792769155e-24, 9.901592408107567e-07, 1.4495379080087902e-30, 0.0, 0.0, 0.0, -7.870457064150773e-25, 1.452470137098577e-30, 9.901592408107567e-07, 0.0, 0.0, 0.0, 0.0, 0.0, 0.0, 3.331648786339975e-06
1492028614498758663,108104,1492028614,449397087,-0.127393139795,0.718465630632,0.0,0.0,0.0,0.84923921452,0.528008292096,312.20472415665677, 4.103649425737766, 0.0, 0.0, 0.0, -134.75603761574703, 4.103649425740974, 207.5107161645406, 0.0, 0.0, 0.0, -10.347795492879273, 0.0, 0.0, 9.983403631901716e-07, -9.53157492436423e-18, 7.878607467584907e-16, 0.0, 0.0, 0.0, -9.53157492436423e-18, 9.966918480041663e-07, 4.524900634588525e-24, 0.0, 0.0, 0.0, 7.878607467584905e-16, 4.52490643273303e-24, 9.96691848004166e-07, 0.0, -134.75603761574038, -10.3477954928791, 0.0, 0.0, 0.0, 216.20760706929565,-0.0143619693275,-0.000111861716867,0.0,0.0,0.0,0.783482197545,3.3582993693639097e-06, 0.0, 0.0, 0.0, 0.0, 0.0, 0.0, 3.3582993693639097e-06, 0.0, 0.0, 0.0, 0.0, 0.0, 0.0, 9.975146612432673e-07, 1.7028183725773633e-24, -7.970729184177641e-25, 0.0, 0.0, 0.0, 1.7028183725773625e-24, 9.902038329253653e-07, 1.328295674954428e-30, 0.0, 0.0, 0.0, -7.970729184177638e-25, 1.3277780159498981e-30, 9.902038329253653e-07, 0.0, 0.0, 0.0, 0.0, 0.0, 0.0, 3.347115236388694e-06
1492028614538689319,108105,1492028614,489464998,-0.127136463323,0.717977185481,0.0,0.0,0.0,0.856384227405,0.516339089215,312.07391506682166, 4.064334647516151, 0.0, 0.0, 0.0, -134.64945037687468, 4.064334647519359, 207.5074749211775, 0.0, 0.0, 0.0, -10.292858425776366, 0.0, 0.0, 9.983350664944872e-07, -6.02939546491304e-18, 7.10630425655667e-16, 0.0, 0.0, 0.0, -6.029395464913041e-18, 9.96681271198134e-07, 2.5735322988318442e-24, 0.0, 0.0, 0.0, 7.106304256556667e-16, 2.573535573243769e-24, 9.966812711981336e-07, 0.0, -134.64945037686803, -10.292858425776192, 0.0, 0.0, 0.0, 216.21001114533252,-0.0121249483525,-6.38472983383e-05,0.0,0.0,0.0,0.524074075465,3.347582867568314e-06, 0.0, 0.0, 0.0, 0.0, 0.0, 0.0, 3.347582867568314e-06, 0.0, 0.0, 0.0, 0.0, 0.0, 0.0, 9.975067425214293e-07, 1.5107710770872175e-24, -7.700952935619765e-25, 0.0, 0.0, 0.0, 1.5107710770872167e-24, 9.901730807400485e-07, 1.1337818265191498e-30, 0.0, 0.0, 0.0, -7.700952935619764e-25, 1.1362989376766948e-30, 9.901730807400485e-07, 0.0, 0.0, 0.0, 0.0, 0.0, 0.0, 3.336437384217621e-06
1492028614578720273,108106,1492028614,529529095,-0.126928184337,0.71760666677,0.0,0.0,0.0,0.860810599835,0.508925447597,311.9742975055757, 4.0329148200370915, 0.0, 0.0, 0.0, -134.56783781121487, 4.032914820040298, 207.50527503777377, 0.0, 0.0, 0.0, -10.24861842578428, 0.0, 0.0, 9.983042506700244e-07, -2.549594072228204e-18, 5.156742855774702e-16, 0.0, 0.0, 0.0, -2.5495940722282044e-18, 9.966200040740335e-07, 7.753455224507357e-25, 0.0, 0.0, 0.0, 5.1567428557747e-16, 7.753461134825244e-25, 9.966200040740333e-07, 0.0, -134.56783781120822, -10.248618425784104, 0.0, 0.0, 0.0, 216.21241499249172,-0.00863437358312,-2.48587389445e-05,0.0,0.0,0.0,0.298992685551,3.286559047601375e-06, 0.0, 0.0, 0.0, 0.0, 0.0, 0.0, 3.286559047601375e-06, 0.0, 0.0, 0.0, 0.0, 0.0, 0.0, 9.974606735248417e-07, 1.0827396728449591e-24, -5.8405515732830085e-25, 0.0, 0.0, 0.0, 1.0827396728449587e-24, 9.89994223907401e-07, 6.0578911896340445e-31, 0.0, 0.0, 0.0, -5.8405515732830085e-25, 6.068577027181344e-31, 9.89994223907401e-07, 0.0, 0.0, 0.0, 0.0, 0.0, 0.0, 3.2756314571507847e-06
1492028614618740584,108107,1492028614,569565058,-0.126796185828,0.717391792462,0.0,0.0,0.0,0.863112116167,0.50501235126,311.9152820248419, 4.013590532706791, 0.0, 0.0, 0.0, -134.51880996406592, 4.013590532709999, 207.50468987889343, 0.0, 0.0, 0.0, -10.221293643949142, 0.0, 0.0, 9.983273779778213e-07, -5.0699372748756765e-19, 2.222754354633374e-16, 0.0, 0.0, 0.0, -5.069937274875676e-19, 9.966659139678148e-07, 6.737647373362395e-26, 0.0, 0.0, 0.0, 2.222754354633375e-16, 6.737274061333477e-26, 9.96665913967815e-07, 0.0, -134.51880996405927, -10.221293643948963, 0.0, 0.0, 0.0, 216.21481715163438,-0.00270647320031,-4.34679467922e-06,0.0,0.0,0.0,0.135908252793,3.3321473033421077e-06, 0.0, 0.0, 0.0, 0.0, 0.0, 0.0, 3.3321473033421077e-06, 0.0, 0.0, 0.0, 0.0, 0.0, 0.0, 9.974952480941338e-07, 4.6334843619559885e-25, -2.5803371346796052e-25, 0.0, 0.0, 0.0, 4.6334843619559885e-25, 9.901284465792546e-07, 1.1780160070786607e-31, 0.0, 0.0, 0.0, -2.5803371346796066e-25, 1.1504662143650883e-31, 9.901284465792546e-07, 0.0, 0.0, 0.0, 0.0, 0.0, 0.0, 3.3210571491006726e-06
1492028614618792068,108108,1492028614,569565058,-0.126796185828,0.717391792462,0.0,0.0,0.0,0.863112116167,0.50501235126,311.9152820248419, 4.013590532706791, 0.0, 0.0, 0.0, -134.51880996406592, 4.013590532709999, 207.50468987889343, 0.0, 0.0, 0.0, -10.221293643949142, 0.0, 0.0, 9.983273779778213e-07, -5.0699372748756765e-19, 2.222754354633374e-16, 0.0, 0.0, 0.0, -5.069937274875676e-19, 9.966659139678148e-07, 6.737647373362395e-26, 0.0, 0.0, 0.0, 2.222754354633375e-16, 6.737274061333477e-26, 9.96665913967815e-07, 0.0, -134.51880996405927, -10.221293643948963, 0.0, 0.0, 0.0, 216.21481715163438,-0.00270647320031,-4.34679467922e-06,0.0,0.0,0.0,0.135908252793,3.3321473033421077e-06, 0.0, 0.0, 0.0, 0.0, 0.0, 0.0, 3.3321473033421077e-06, 0.0, 0.0, 0.0, 0.0, 0.0, 0.0, 9.974952480941338e-07, 4.6334843619559885e-25, -2.5803371346796052e-25, 0.0, 0.0, 0.0, 4.6334843619559885e-25, 9.901284465792546e-07, 1.1780160070786607e-31, 0.0, 0.0, 0.0, -2.5803371346796066e-25, 1.1504662143650883e-31, 9.901284465792546e-07, 0.0, 0.0, 0.0, 0.0, 0.0, 0.0, 3.3210571491006726e-06
1492028614658709993,108109,1492028614,609608889,-0.12677180507,0.717359715784,0.0,0.0,0.0,0.86415456222,0.503226482406,311.9069447902191, 4.0102835519211055, 0.0, 0.0, 0.0, -134.51050030664044, 4.010283551924311, 207.50624929498545, 0.0, 0.0, 0.0, -10.21660937369682, 0.0, 0.0, 9.983312111218803e-07, 7.909484135458394e-20, -1.4249155878433508e-17, 0.0, 0.0, 0.0, 7.909484135458394e-20, 9.966735123023103e-07, 6.758609861128496e-28, 0.0, 0.0, 0.0, -1.4249155878433508e-17, 6.748603511546499e-28, 9.966735123023103e-07, 0.0, -134.5105003066338, -10.21660937369664, 0.0, 0.0, 0.0, 216.2172197828505,0.000553696815419,-8.72002606078e-07,0.0,0.0,0.0,0.0651977113769,3.3398184793236814e-06, 0.0, 0.0, 0.0, 0.0, 0.0, 0.0, 3.3398184793236814e-06, 0.0, 0.0, 0.0, 0.0, 0.0, 0.0, 9.975009785741894e-07, -2.966374832079919e-26, 1.6586148834564742e-26, 0.0, 0.0, 0.0, -2.9663748320799185e-26, 9.901506881866394e-07, -1.0498152612281454e-33, 0.0, 0.0, 0.0, 1.6586148834564742e-26, 1.0500371763132029e-33, 9.901506881866394e-07, 0.0, 0.0, 0.0, 0.0, 0.0, 0.0, 3.3286972524968244e-06
1492028614685638077,108110,1492028614,650207996,-0.126791946771,0.717401432545,0.0,0.0,0.0,0.864694907309,0.502297439048,311.91914417077413, 4.013569328209772, 0.0, 0.0, 0.0, -134.51867345223408, 4.013569328212974, 207.50871980424003, 0.0, 0.0, 0.0, -10.221270016238948, 0.0, 0.0, 9.984002576658393e-07, 1.4261349645810151e-19, -9.067750120681954e-17, 0.0, 0.0, 0.0, 1.4261349645810151e-19, 9.968107030571691e-07, 8.083435776309527e-27, 0.0, 0.0, 0.0, -9.06775012068195e-17, 8.083962036666831e-27, 9.968107030571691e-07, 0.0, -134.51867345222743, -10.221270016238769, 0.0, 0.0, 0.0, 216.2196557307221,0.00262585142704,1.34136478967e-06,0.0,0.0,0.0,0.0394559640193,3.4844505632719405e-06, 0.0, 0.0, 0.0, 0.0, 0.0, 0.0, 3.4844505632719405e-06, 0.0, 0.0, 0.0, 0.0, 0.0, 0.0, 9.97604211563646e-07, -1.8838752011731023e-25, 1.0693303001893976e-25, 0.0, 0.0, 0.0, -1.8838752011731027e-25, 9.90551843124154e-07, 2.0007880829602386e-32, 0.0, 0.0, 0.0, 1.0693303001893978e-25, 2.0329444664944177e-32, 9.90551843124154e-07, 0.0, 0.0, 0.0, 0.0, 0.0, 0.0, 3.4728282905266143e-06
1492028614722743786,108111,1492028614,689753056,-0.126886153472,0.717584857564,0.0,0.0,0.0,0.865098119135,0.5016026757,311.96726347281157, 4.028517327033242, 0.0, 0.0, 0.0, -134.55575191846214, 4.028517327036447, 207.51270384478363, 0.0, 0.0, 0.0, -10.242473708485331, 0.0, 0.0, 9.98343823305048e-07, 2.006664062910719e-19, -3.9610151225114056e-16, 0.0, 0.0, 0.0, 2.0066640629107185e-19, 9.966985633471625e-07, 4.79926252970092e-26, 0.0, 0.0, 0.0, -3.961015122511405e-16, 4.799234317234647e-26, 9.966985633471625e-07, 0.0, -134.55575191845548, -10.242473708485154, 0.0, 0.0, 0.0, 216.2220284356,0.00838786646375,3.59469999035e-06,0.0,0.0,0.0,0.0421550623966,3.3653348675215666e-06, 0.0, 0.0, 0.0, 0.0, 0.0, 0.0, 3.3653348675215666e-06, 0.0, 0.0, 0.0, 0.0, 0.0, 0.0, 9.97519834234264e-07, -8.205934472792418e-25, 4.687255916675115e-25, 0.0, 0.0, 0.0, -8.205934472792413e-25, 9.902239204470502e-07, 3.7549453330253567e-31, 0.0, 0.0, 0.0, 4.687255916675115e-25, 3.776969122605438e-31, 9.902239204470502e-07, 0.0, 0.0, 0.0, 0.0, 0.0, 0.0, 3.3541241636534426e-06
1492028614762658245,108112,1492028614,729815960,-0.127057995049,0.717877915134,0.0,0.0,0.0,0.865513924769,0.500884863048,312.04934199642236, 4.054542750160206, 0.0, 0.0, 0.0, -134.62007466928642, 4.054542750163411, 207.51820990049853, 0.0, 0.0, 0.0, -10.279381048704817, 0.0, 0.0, 9.983192544928078e-07, 2.0454429682844107e-19, -4.455406932003306e-16, 0.0, 0.0, 0.0, 2.045442968284411e-19, 9.966497513210861e-07, 5.422252829202555e-26, 0.0, 0.0, 0.0, -4.455406932003304e-16, 5.422252743739413e-26, 9.96649751321086e-07, 0.0, -134.62007466927977, -10.27938104870464, 0.0, 0.0, 0.0, 216.22443221123277,0.00687409350569,2.15777683579e-06,0.0,0.0,0.0,0.036807508377,3.3159902701161995e-06, 0.0, 0.0, 0.0, 0.0, 0.0, 0.0, 3.3159902701161995e-06, 0.0, 0.0, 0.0, 0.0, 0.0, 0.0, 9.974831035508513e-07, -9.22055526789562e-25, 5.28802947144483e-25, 0.0, 0.0, 0.0, -9.220555267895622e-25, 9.900812920301838e-07, 4.726155575099383e-31, 0.0, 0.0, 0.0, 5.288029471444829e-25, 4.689606523252843e-31, 9.900812920301838e-07, 0.0, 0.0, 0.0, 0.0, 0.0, 0.0, 3.304957103270563e-06
1492028614802722215,108113,1492028614,769833088,-0.127158708733,0.718036602209,0.0,0.0,0.0,0.865820682958,0.500354419348,312.0971744662036, 4.06948532861345, 0.0, 0.0, 0.0, -134.65687672155872, 4.069485328616662, 207.5222270884932, 0.0, 0.0, 0.0, -10.300565698813525, 0.0, 0.0, 9.983464480595955e-07, 3.3844500795463666e-20, -1.6968911822628113e-16, 0.0, 0.0, 0.0, 3.384450079546367e-20, 9.967037751358797e-07, 3.4732961799181454e-27, 0.0, 0.0, 0.0, -1.6968911822628105e-16, 3.473576637447766e-27, 9.967037751358797e-07, 0.0, -134.65687672155207, -10.300565698813347, 0.0, 0.0, 0.0, 216.2268332402682,0.00221752197185,4.77342171771e-07,0.0,0.0,0.0,0.020995015168,3.370692442908533e-06, 0.0, 0.0, 0.0, 0.0, 0.0, 0.0, 3.370692442908533e-06, 0.0, 0.0, 0.0, 0.0, 0.0, 0.0, 9.975237583708289e-07, -3.508685826923901e-25, 2.0198299072811178e-25, 0.0, 0.0, 0.0, -3.508685826923899e-25, 9.902391607403939e-07, 7.117255833046905e-32, 0.0, 0.0, 0.0, 2.0198299072811178e-25, 6.894048711769912e-32, 9.902391607403939e-07, 0.0, 0.0, 0.0, 0.0, 0.0, 0.0, 3.3594620401542482e-06
1492028614842674833,108114,1492028614,769833088,-0.127158708733,0.718036602209,0.0,0.0,0.0,0.865820682958,0.500354419348,312.0971744662036, 4.06948532861345, 0.0, 0.0, 0.0, -134.65687672155872, 4.069485328616662, 207.5222270884932, 0.0, 0.0, 0.0, -10.300565698813525, 0.0, 0.0, 9.983464480595955e-07, 3.3844500795463666e-20, -1.6968911822628113e-16, 0.0, 0.0, 0.0, 3.384450079546367e-20, 9.967037751358797e-07, 3.4732961799181454e-27, 0.0, 0.0, 0.0, -1.6968911822628105e-16, 3.473576637447766e-27, 9.967037751358797e-07, 0.0, -134.65687672155207, -10.300565698813347, 0.0, 0.0, 0.0, 216.2268332402682,0.00221752197185,4.77342171771e-07,0.0,0.0,0.0,0.020995015168,3.370692442908533e-06, 0.0, 0.0, 0.0, 0.0, 0.0, 0.0, 3.370692442908533e-06, 0.0, 0.0, 0.0, 0.0, 0.0, 0.0, 9.975237583708289e-07, -3.508685826923901e-25, 2.0198299072811178e-25, 0.0, 0.0, 0.0, -3.508685826923899e-25, 9.902391607403939e-07, 7.117255833046905e-32, 0.0, 0.0, 0.0, 2.0198299072811178e-25, 6.894048711769912e-32, 9.902391607403939e-07, 0.0, 0.0, 0.0, 0.0, 0.0, 0.0, 3.3594620401542482e-06
1492028614882713716,108115,1492028614,809921026,-0.127188997217,0.718083237256,0.0,0.0,0.0,0.865986372054,0.500067598847,312.1128994955321, 4.073972826376269, 0.0, 0.0, 0.0, -134.66789232640042, 4.073972826379484, 207.52483789481377, 0.0, 0.0, 0.0, -10.306928414042739, 0.0, 0.0, 9.983489085611602e-07, 2.1847459771566453e-20, -4.6211546483942965e-17, 0.0, 0.0, 0.0, 2.1847459771566456e-20, 9.967086616289051e-07, 6.112670652262381e-28, 0.0, 0.0, 0.0, -4.621154648394297e-17, 6.116872911030412e-28, 9.967086616289051e-07, 0.0, -134.66789232639377, -10.306928414042561, 0.0, 0.0, 0.0, 216.22923851793513,0.000625075874322,3.8007718531e-07,0.0,0.0,0.0,0.0101811891967,3.3757336536226956e-06, 0.0, 0.0, 0.0, 0.0, 0.0, 0.0, 3.3757336536226956e-06, 0.0, 0.0, 0.0, 0.0, 0.0, 0.0, 9.97527437009702e-07, -9.553378897973271e-26, 5.506052174372516e-26, 0.0, 0.0, 0.0, -9.553378897973275e-26, 9.902534533202048e-07, 5.009930838584397e-33, 0.0, 0.0, 0.0, 5.506052174372516e-26, 4.8549421446186156e-33, 9.902534533202048e-07, 0.0, 0.0, 0.0, 0.0, 0.0, 0.0, 3.3644866100924635e-06
1492028614922716547,108116,1492028614,850112915,-0.127199918515,0.718100835,0.0,0.0,0.0,0.866060872678,0.499938561041,312.1199184965105, 4.075614376024355, 0.0, 0.0, 0.0, -134.67191394251788, 4.07561437602757, 207.52706945293272, 0.0, 0.0, 0.0, -10.309256307440037, 0.0, 0.0, 9.983187290430264e-07, 6.080093551125193e-20, -2.5018468157806768e-17, 0.0, 0.0, 0.0, 6.080093551125191e-20, 9.966487011344494e-07, 9.048326305298609e-28, 0.0, 0.0, 0.0, -2.5018468157806752e-17, 9.046152171132639e-28, 9.966487011344492e-07, 0.0, -134.67191394251122, -10.30925630743986, 0.0, 0.0, 0.0, 216.23165003264936,0.000413214668476,-8.21167878395e-07,0.0,0.0,0.0,0.00359285165078,3.3149572491226854e-06, 0.0, 0.0, 0.0, 0.0, 0.0, 0.0, 3.3149572491226854e-06, 0.0, 0.0, 0.0, 0.0, 0.0, 0.0, 9.974823181114039e-07, -5.177198499309989e-26, 2.972955623941296e-26, 0.0, 0.0, 0.0, -5.177198499309989e-26, 9.90078252443684e-07, 2.4942457223002336e-33, 0.0, 0.0, 0.0, 2.972955623941295e-26, 2.9375699284603e-33, 9.90078252443684e-07, 0.0, 0.0, 0.0, 0.0, 0.0, 0.0, 3.3039313939957055e-06
1492028614922739964,108117,1492028614,890058994,-0.127207935651,0.718113867628,0.0,0.0,0.0,0.866079132671,0.49990692729,312.1256094512316, 4.07682383115349, 0.0, 0.0, 0.0, -134.6748792063639, 4.076823831156702, 207.52923030603802, 0.0, 0.0, 0.0, -10.310971206647686, 0.0, 0.0, 9.983283778818762e-07, 3.901747044305604e-20, -1.998031298344759e-17, 0.0, 0.0, 0.0, 3.901747044305604e-20, 9.966678690231978e-07, 4.664334019190509e-28, 0.0, 0.0, 0.0, -1.9980312983447593e-17, 4.662900525458777e-28, 9.966678690231976e-07, 0.0, -134.67487920635725, -10.310971206647508, 0.0, 0.0, 0.0, 216.23404679875745,0.000329624827821,8.79029120041e-07,0.0,0.0,0.0,4.15496630625e-06,3.3341443044191853e-06, 0.0, 0.0, 0.0, 0.0, 0.0, 0.0, 3.3341443044191853e-06, 0.0, 0.0, 0.0, 0.0, 0.0, 0.0, 9.974967429182631e-07, -4.1322783606071204e-26, 2.376192977779039e-26, 0.0, 0.0, 0.0, -4.13227836060712e-26, 9.90134247262384e-07, 4.387257699449298e-34, 0.0, 0.0, 0.0, 2.37619297777904e-26, 1.3732270328693472e-33, 9.90134247262384e-07, 0.0, 0.0, 0.0, 0.0, 0.0, 0.0, 3.3230456827819326e-06
1492028614962754698,108118,1492028614,930752993,-0.127217529394,0.71813101448,0.0,0.0,0.0,0.866079143045,0.499906909316,312.13213182770505, 4.078295235265159, 0.0, 0.0, 0.0, -134.6784818712588, 4.078295235268372, 207.5314640380866, 0.0, 0.0, 0.0, -10.31305782242935, 0.0, 0.0, 9.984237048691065e-07, 1.084743344564417e-20, -3.232671789722891e-17, 0.0, 0.0, 0.0, 1.0847433445644171e-20, 9.968572934048366e-07, 2.223953218991889e-28, 0.0, 0.0, 0.0, -3.232671789722892e-17, 2.2252376938941737e-28, 9.968572934048366e-07, 0.0, -134.67848187125216, -10.313057822429172, 0.0, 0.0, 0.0, 216.23648844006885,0.000714665009967,-7.0526969278e-07,0.0,0.0,0.0,3.04196566449e-13,3.5364326686922555e-06, 0.0, 0.0, 0.0, 0.0, 0.0, 0.0, 3.5364326686922555e-06, 0.0, 0.0, 0.0, 0.0, 0.0, 0.0, 9.976392710198987e-07, -6.688135677733225e-26, 3.8603213041783145e-26, 0.0, 0.0, 0.0, -6.688135677733227e-26, 9.906881718971943e-07, 3.830684596486461e-33, 0.0, 0.0, 0.0, 3.8603213041783145e-26, 3.246604236224894e-33, 9.906881718971943e-07, 0.0, 0.0, 0.0, 0.0, 0.0, 0.0, 3.52462178489739e-06
1492028614985602001,108119,1492028614,970135927,-0.127235368325,0.718161878658,0.0,0.0,0.0,0.866079143045,0.499906909316,312.14242091407374, 4.081017711937577, 0.0, 0.0, 0.0, -134.68516086851784, 4.081017711940787, 207.5338014145576, 0.0, 0.0, 0.0, -10.31691734507344, 0.0, 0.0, 9.982286687915108e-07, 4.293425773624398e-20, -5.277365932003506e-17, 0.0, 0.0, 0.0, 4.2934257736244007e-20, 9.964698151001252e-07, 1.2791497360811866e-27, 0.0, 0.0, 0.0, -5.2773659320035105e-17, 1.2791497782109041e-27, 9.964698151001252e-07, 0.0, -134.6851608685112, -10.316917345073263, 0.0, 0.0, 0.0, 216.23885141747877,0.000899404123067,-1.37916925073e-07,0.0,0.0,0.0,2.22021254822e-20,3.145884255445984e-06, 0.0, 0.0, 0.0, 0.0, 0.0, 0.0, 3.145884255445984e-06, 0.0, 0.0, 0.0, 0.0, 0.0, 0.0, 9.973476923274241e-07, -1.0903191322333595e-25, 6.286262373232978e-26, 0.0, 0.0, 0.0, -1.09031913223336e-25, 9.895560103542483e-07, 7.206290388183124e-33, 0.0, 0.0, 0.0, 6.286262373232979e-26, 5.605041888659218e-33, 9.895560103542483e-07, 0.0, 0.0, 0.0, 0.0, 0.0, 0.0, 3.1354621278372694e-06
1492028615022673002,108120,1492028614,970135927,-0.127235368325,0.718161878658,0.0,0.0,0.0,0.866079143045,0.499906909316,312.14242091407374, 4.081017711937577, 0.0, 0.0, 0.0, -134.68516086851784, 4.081017711940787, 207.5338014145576, 0.0, 0.0, 0.0, -10.31691734507344, 0.0, 0.0, 9.982286687915108e-07, 4.293425773624398e-20, -5.277365932003506e-17, 0.0, 0.0, 0.0, 4.2934257736244007e-20, 9.964698151001252e-07, 1.2791497360811866e-27, 0.0, 0.0, 0.0, -5.2773659320035105e-17, 1.2791497782109041e-27, 9.964698151001252e-07, 0.0, -134.6851608685112, -10.316917345073263, 0.0, 0.0, 0.0, 216.23885141747877,0.000899404123067,-1.37916925073e-07,0.0,0.0,0.0,2.22021254822e-20,3.145884255445984e-06, 0.0, 0.0, 0.0, 0.0, 0.0, 0.0, 3.145884255445984e-06, 0.0, 0.0, 0.0, 0.0, 0.0, 0.0, 9.973476923274241e-07, -1.0903191322333595e-25, 6.286262373232978e-26, 0.0, 0.0, 0.0, -1.09031913223336e-25, 9.895560103542483e-07, 7.206290388183124e-33, 0.0, 0.0, 0.0, 6.286262373232979e-26, 5.605041888659218e-33, 9.895560103542483e-07, 0.0, 0.0, 0.0, 0.0, 0.0, 0.0, 3.1354621278372694e-06
1492028615062699535,108121,1492028615,10916948,-0.127248482551,0.718182060868,0.0,0.0,0.0,0.866079143045,0.499906909316,312.1505269244979, 4.0830044646748265, 0.0, 0.0, 0.0, -134.69003107568523, 4.083004464678041, 207.5361092829196, 0.0, 0.0, 0.0, -10.319733952914053, 0.0, 0.0, 9.984536912032412e-07, 8.803554811114333e-20, -1.9162834050865942e-17, 0.0, 0.0, 0.0, 8.803554811114338e-20, 9.969168940632685e-07, 1.0909923870085677e-27, 0.0, 0.0, 0.0, -1.916283405086594e-17, 1.0909926758980594e-27, 9.969168940632683e-07, 0.0, -134.69003107567858, -10.319733952913875, 0.0, 0.0, 0.0, 216.24129828014014,0.000192017471448,-9.72525363259e-07,0.0,0.0,0.0,1.62740832594e-27,3.6052199855700928e-06, 0.0, 0.0, 0.0, 0.0, 0.0, 0.0, 3.6052199855700928e-06, 0.0, 0.0, 0.0, 0.0, 0.0, 0.0, 9.976841106429814e-07, -3.975787385116948e-26, 2.2722688880857735e-26, 0.0, 0.0, 0.0, -3.9757873851169467e-26, 9.908626268010228e-07, -2.17909517126928e-33, 0.0, 0.0, 0.0, 2.272268888085774e-26, 3.8586630702014576e-33, 9.908626268010228e-07, 0.0, 0.0, 0.0, 0.0, 0.0, 0.0, 3.593165137700611e-06
1492028615102695398,108122,1492028615,50435066,-0.12724995833,0.718183405288,0.0,0.0,0.0,0.866079143045,0.499906909316,312.1531818600225, 4.083227839685288, 0.0, 0.0, 0.0, -134.69057614408322, 4.083227839688502, 207.53811544825072, 0.0, 0.0, 0.0, -10.320050812192529, 0.0, 0.0, 9.983714868397844e-07, 4.245988897696089e-20, 1.4234556023449202e-18, 0.0, 0.0, 0.0, 4.24598889769609e-20, 9.967535214692283e-07, -3.7113759382466823e-29, 0.0, 0.0, 0.0, 1.4234556023449204e-18, -3.7112657991279877e-29, 9.967535214692283e-07, 0.0, -134.69057614407657, -10.32005081219235, 0.0, 0.0, 0.0, 216.24366936854597,-8.65981265849e-05,-1.8463911112e-06,0.0,0.0,0.0,1.18924421774e-34,3.422679028926857e-06, 0.0, 0.0, 0.0, 0.0, 0.0, 0.0, 3.422679028926857e-06, 0.0, 0.0, 0.0, 0.0, 0.0, 0.0, 9.975611937467956e-07, 2.8902982120596014e-27, -1.7865471526467558e-27, 0.0, 0.0, 0.0, 2.890298212059601e-27, 9.903845995511243e-07, -1.3792417795954811e-33, 0.0, 0.0, 0.0, -1.786547152646756e-27, 1.379241779595525e-33, 9.903845995511243e-07, 0.0, 0.0, 0.0, 0.0, 0.0, 0.0, 3.411262875207343e-06
1492028615142664668,108123,1492028615,90481043,-0.12724678889,0.718177132524,0.0,0.0,0.0,0.866079143045,0.499906909316,312.1537115294077, 4.082745230717689, 0.0, 0.0, 0.0, -134.6893939770401, 4.082745230720909, 207.54005245563687, 0.0, 0.0, 0.0, -10.319366558940297, 0.0, 0.0, 9.982974776202285e-07, 1.6429922767100836e-20, 1.2146313863498086e-17, 0.0, 0.0, 0.0, 1.6429922767100833e-20, 9.966064832564496e-07, -1.1729130028437012e-28, 0.0, 0.0, 0.0, 1.2146313863498086e-17, -1.1714076478509195e-28, 9.966064832564496e-07, 0.0, -134.68939397703346, -10.31936655894012, 0.0, 0.0, 0.0, 216.24607212852362,-0.000229232650113,5.57806623951e-07,0.0,0.0,0.0,8.69197567685e-42,3.27345228313619e-06, 0.0, 0.0, 0.0, 0.0, 0.0, 0.0, 3.27345228313619e-06, 0.0, 0.0, 0.0, 0.0, 0.0, 0.0, 9.97450548479151e-07, 2.5078019998052202e-26, -1.453126944801469e-26, 0.0, 0.0, 0.0, 2.50780199980522e-26, 9.899549419116867e-07, 1.6833802512571398e-33, 0.0, 0.0, 0.0, -1.4531269448014678e-26, -1.6833802512571107e-33, 9.899549419116867e-07, 0.0, 0.0, 0.0, 0.0, 0.0, 0.0, 3.2625767278268103e-06
1492028615182759339,108124,1492028615,130394936,-0.127245389612,0.718175279956,0.0,0.0,0.0,0.866079143045,0.499906909316,312.1550343614904, 4.082528898543901, 0.0, 0.0, 0.0, -134.68885381637827, 4.0825288985471255, 207.54201896863347, 0.0, 0.0, 0.0, -10.319060617989804, 0.0, 0.0, 9.983136589003169e-07, 5.069812807291977e-20, -4.269106184782038e-18, 0.0, 0.0, 0.0, 5.0698128072919796e-20, 9.9663862524715e-07, 1.2834572890503967e-28, 0.0, 0.0, 0.0, -4.269106184782039e-18, 1.2834646918436205e-28, 9.9663862524715e-07, 0.0, -134.68885381637162, -10.319060617989626, 0.0, 0.0, 0.0, 216.2484669634381,0.000158298431582,7.06694443109e-07,0.0,0.0,0.0,6.35746267532e-49,3.304908719540156e-06, 0.0, 0.0, 0.0, 0.0, 0.0, 0.0, 3.304908719540156e-06, 0.0, 0.0, 0.0, 0.0, 0.0, 0.0, 9.974747376194512e-07, -8.86337180889005e-27, 4.9803759650137554e-27, 0.0, 0.0, 0.0, -8.863371808890055e-27, 9.90048743624759e-07, 2.5220783041880593e-34, 0.0, 0.0, 0.0, 4.9803759650137554e-27, -2.5220783041880426e-34, 9.90048743624759e-07, 0.0, 0.0, 0.0, 0.0, 0.0, 0.0, 3.293891069540257e-06
1492028615222658548,108125,1492028615,170489073,-0.127248919186,0.718180787059,0.0,0.0,0.0,0.866079143045,0.499906909316,312.15870288274283, 4.083074813666288, 0.0, 0.0, 0.0, -134.69018946185477, 4.083074813669509, 207.54409757895854, 0.0, 0.0, 0.0, -10.319834773668164, 0.0, 0.0, 9.983382327362732e-07, 2.2676885379028494e-20, -8.55910806294801e-18, 0.0, 0.0, 0.0, 2.2676885379028485e-20, 9.966874480895207e-07, 1.1687070125864025e-28, 0.0, 0.0, 0.0, -8.559108062948003e-18, 1.1672851948049587e-28, 9.966874480895207e-07, 0.0, -134.69018946184812, -10.319834773667987, 0.0, 0.0, 0.0, 216.2508726130335,7.53286845501e-05,-1.45970007876e-06,0.0,0.0,0.0,4.65124564326e-56,3.353977700155671e-06, 0.0, 0.0, 0.0, 0.0, 0.0, 0.0, 3.353977700155671e-06, 0.0, 0.0, 0.0, 0.0, 0.0, 0.0, 9.975114760954419e-07, -1.7709105003164326e-26, 1.0166962091256025e-26, 0.0, 0.0, 0.0, -1.7709105003164338e-26, 9.901914586269338e-07, -1.4961868370540047e-33, 0.0, 0.0, 0.0, 1.0166962091256028e-26, 1.4961868370539893e-33, 9.901914586269338e-07, 0.0, 0.0, 0.0, 0.0, 0.0, 0.0, 3.3428074905713164e-06
1492028615222687124,108126,1492028615,170489073,-0.127248919186,0.718180787059,0.0,0.0,0.0,0.866079143045,0.499906909316,312.15870288274283, 4.083074813666288, 0.0, 0.0, 0.0, -134.69018946185477, 4.083074813669509, 207.54409757895854, 0.0, 0.0, 0.0, -10.319834773668164, 0.0, 0.0, 9.983382327362732e-07, 2.2676885379028494e-20, -8.55910806294801e-18, 0.0, 0.0, 0.0, 2.2676885379028485e-20, 9.966874480895207e-07, 1.1687070125864025e-28, 0.0, 0.0, 0.0, -8.559108062948003e-18, 1.1672851948049587e-28, 9.966874480895207e-07, 0.0, -134.69018946184812, -10.319834773667987, 0.0, 0.0, 0.0, 216.2508726130335,7.53286845501e-05,-1.45970007876e-06,0.0,0.0,0.0,4.65124564326e-56,3.353977700155671e-06, 0.0, 0.0, 0.0, 0.0, 0.0, 0.0, 3.353977700155671e-06, 0.0, 0.0, 0.0, 0.0, 0.0, 0.0, 9.975114760954419e-07, -1.7709105003164326e-26, 1.0166962091256025e-26, 0.0, 0.0, 0.0, -1.7709105003164338e-26, 9.901914586269338e-07, -1.4961868370540047e-33, 0.0, 0.0, 0.0, 1.0166962091256028e-26, 1.4961868370539893e-33, 9.901914586269338e-07, 0.0, 0.0, 0.0, 0.0, 0.0, 0.0, 3.3428074905713164e-06
1492028615262690349,108127,1492028615,210675001,-0.127248088614,0.718178386478,0.0,0.0,0.0,0.866079143045,0.499906909316,312.16035824108434, 4.082959936900166, 0.0, 0.0, 0.0, -134.6899053121539, 4.082959936903383, 207.54609136823854, 0.0, 0.0, 0.0, -10.319672102923183, 0.0, 0.0, 9.983508561334391e-07, 6.197694009154192e-20, 7.799026476982868e-18, 0.0, 0.0, 0.0, 6.19769400915419e-20, 9.967125289652756e-07, -2.930975282159499e-28, 0.0, 0.0, 0.0, 7.799026476982865e-18, -2.9309759441979176e-28, 9.967125289652756e-07, 0.0, -134.68990531214726, -10.319672102923006, 0.0, 0.0, 0.0, 216.2532837701105,-0.00016103245512,8.71578732681e-07,0.0,0.0,0.0,3.40255554213e-63,3.37973449200937e-06, 0.0, 0.0, 0.0, 0.0, 0.0, 0.0, 3.37973449200937e-06, 0.0, 0.0, 0.0, 0.0, 0.0, 0.0, 9.97530348790786e-07, 1.6040758708333523e-26, -9.436521457340776e-27, 0.0, 0.0, 0.0, 1.6040758708333517e-26, 9.902647666778285e-07, 1.9392346968016308e-33, 0.0, 0.0, 0.0, -9.436521457340775e-27, -1.9392346968016482e-33, 9.902647666778285e-07, 0.0, 0.0, 0.0, 0.0, 0.0, 0.0, 3.3684741703788055e-06
1492028615285597058,108128,1492028615,250665903,-0.127247164967,0.718176936986,0.0,0.0,0.0,0.866079143045,0.499906909316,312.1619061200319, 4.0828169715816465, 0.0, 0.0, 0.0, -134.68954270746173, 4.082816971584866, 207.54807167613964, 0.0, 0.0, 0.0, -10.31947034460891, 0.0, 0.0, 9.983466045157767e-07, 8.811026907419107e-20, -2.8592877022183796e-18, 0.0, 0.0, 0.0, 8.811026907419104e-20, 9.967040814261721e-07, 1.5237296283426532e-28, 0.0, 0.0, 0.0, -2.8592877022183804e-18, 1.5237315542725976e-28, 9.967040814261721e-07, 0.0, -134.68954270745508, -10.319470344608732, 0.0, 0.0, 0.0, 216.2556832255872,6.04987066242e-05,-9.37572189988e-07,0.0,0.0,0.0,2.48865954621e-70,3.3710145775964423e-06, 0.0, 0.0, 0.0, 0.0, 0.0, 0.0, 3.3710145775964423e-06, 0.0, 0.0, 0.0, 0.0, 0.0, 0.0, 9.97523992313776e-07, -6.012250843251518e-27, 3.230116850571364e-27, 0.0, 0.0, 0.0, -6.012250843251521e-27, 9.902400726652598e-07, -1.635342065863594e-33, 0.0, 0.0, 0.0, 3.2301168505713663e-27, 1.635342065863638e-33, 9.902400726652598e-07, 0.0, 0.0, 0.0, 0.0, 0.0, 0.0, 3.3597842290320935e-06
1492028615322716002,108129,1492028615,291197062,-0.127246613102,0.718175124412,0.0,0.0,0.0,0.866079143045,0.499906909316,312.1637300251097, 4.082751392096837, 0.0, 0.0, 0.0, -134.68938000096557, 4.08275139210006, 207.55008939442658, 0.0, 0.0, 0.0, -10.319377515490688, 0.0, 0.0, 9.98411526523357e-07, 6.063954144903244e-20, 5.755944465731158e-18, 0.0, 0.0, 0.0, 6.063954144903246e-20, 9.96833089708794e-07, -2.1979584008646975e-28, 0.0, 0.0, 0.0, 5.755944465731159e-18, -2.1966745278155204e-28, 9.96833089708794e-07, 0.0, -134.68938000095892, -10.31937751549051, 0.0, 0.0, 0.0, 216.25811509649472,-0.000161670108619,-1.52699009798e-07,0.0,0.0,0.0,1.82147282386e-77,3.5092348818150892e-06, 0.0, 0.0, 0.0, 0.0, 0.0, 0.0, 3.5092348818150892e-06, 0.0, 0.0, 0.0, 0.0, 0.0, 0.0, 9.976210610377182e-07, 1.1830858892104465e-26, -7.001176411147331e-27, 0.0, 0.0, 0.0, 1.1830858892104463e-26, 9.906173458441223e-07, -3.102024106456987e-35, 0.0, 0.0, 0.0, -7.001176411147331e-27, 3.102024106458275e-35, 9.906173458441223e-07, 0.0, 0.0, 0.0, 0.0, 0.0, 0.0, 3.49751884137762e-06
1492028615362673919,108130,1492028615,331408024,-0.127245780022,0.718174008911,0.0,0.0,0.0,0.866079143045,0.499906909316,312.1653294179315, 4.082617216355495, 0.0, 0.0, 0.0, -134.6890499087124, 4.082617216358712, 207.55208181585434, 0.0, 0.0, 0.0, -10.3191873724249, 0.0, 0.0, 9.984495069516738e-07, -3.635444314859121e-20, -4.03031807557253e-18, 0.0, 0.0, 0.0, -3.635444314859121e-20, 9.969085770004259e-07, -9.443707806189775e-29, 0.0, 0.0, 0.0, -4.03031807557253e-18, -9.45606505419545e-29, 9.969085770004259e-07, 0.0, -134.68904990870575, -10.319187372424722, 0.0, 0.0, 0.0, 216.26052775560632,0.000113642968312,-6.07275078515e-07,0.0,0.0,0.0,1.3327081025e-84,3.5954607153524043e-06, 0.0, 0.0, 0.0, 0.0, 0.0, 0.0, 3.5954607153524043e-06, 0.0, 0.0, 0.0, 0.0, 0.0, 0.0, 9.976778536097619e-07, -8.295005115250045e-27, 4.891814874097054e-27, 0.0, 0.0, 0.0, -8.295005115250048e-27, 9.908382760334458e-07, 3.9772202916333014e-34, 0.0, 0.0, 0.0, 4.8918148740970546e-27, -3.977220291633234e-34, 9.908382760334458e-07, 0.0, 0.0, 0.0, 0.0, 0.0, 0.0, 3.5834399221727236e-06
1492028615402696353,108131,1492028615,370800018,-0.127247275809,0.718175796046,0.0,0.0,0.0,0.866079143045,0.499906909316,312.168060680933, 4.082869370150694, 0.0, 0.0, 0.0, -134.6896613672004, 4.082869370153914, 207.55408560181345, 0.0, 0.0, 0.0, -10.31954538999445, 0.0, 0.0, 9.982294763146518e-07, 1.2456113611370683e-20, 8.932532493373751e-19, 0.0, 0.0, 0.0, 1.2456113611370679e-20, 9.964714186772932e-07, -6.284080704354654e-30, 0.0, 0.0, 0.0, 8.932532493373757e-19, -6.28443579768815e-30, 9.964714186772932e-07, 0.0, -134.68966136719374, -10.319545389994273, 0.0, 0.0, 0.0, 216.26289127661676,-0.000100343173476,-3.76176944916e-07,0.0,0.0,0.0,9.72405120963e-92,3.147321558589132e-06, 0.0, 0.0, 0.0, 0.0, 0.0, 0.0, 3.147321558589132e-06, 0.0, 0.0, 0.0, 0.0, 0.0, 0.0, 9.97348899305299e-07, 1.829165417896183e-27, -1.090905235360499e-27, 0.0, 0.0, 0.0, 1.8291654178961825e-27, 9.895606853761443e-07, -5.961378167622814e-34, 0.0, 0.0, 0.0, -1.090905235360499e-27, 5.961378167622923e-34, 9.895606853761443e-07, 0.0, 0.0, 0.0, 0.0, 0.0, 0.0, 3.1368930695563496e-06
1492028615442695859,108132,1492028615,370800018,-0.127247275809,0.718175796046,0.0,0.0,0.0,0.866079143045,0.499906909316,312.168060680933, 4.082869370150694, 0.0, 0.0, 0.0, -134.6896613672004, 4.082869370153914, 207.55408560181345, 0.0, 0.0, 0.0, -10.31954538999445, 0.0, 0.0, 9.982294763146518e-07, 1.2456113611370683e-20, 8.932532493373751e-19, 0.0, 0.0, 0.0, 1.2456113611370679e-20, 9.964714186772932e-07, -6.284080704354654e-30, 0.0, 0.0, 0.0, 8.932532493373757e-19, -6.28443579768815e-30, 9.964714186772932e-07, 0.0, -134.68966136719374, -10.319545389994273, 0.0, 0.0, 0.0, 216.26289127661676,-0.000100343173476,-3.76176944916e-07,0.0,0.0,0.0,9.72405120963e-92,3.147321558589132e-06, 0.0, 0.0, 0.0, 0.0, 0.0, 0.0, 3.147321558589132e-06, 0.0, 0.0, 0.0, 0.0, 0.0, 0.0, 9.97348899305299e-07, 1.829165417896183e-27, -1.090905235360499e-27, 0.0, 0.0, 0.0, 1.8291654178961825e-27, 9.895606853761443e-07, -5.961378167622814e-34, 0.0, 0.0, 0.0, -1.090905235360499e-27, 5.961378167622923e-34, 9.895606853761443e-07, 0.0, 0.0, 0.0, 0.0, 0.0, 0.0, 3.1368930695563496e-06
1492028615482701556,108133,1492028615,410932064,-0.127245170433,0.718172008295,0.0,0.0,0.0,0.866079143045,0.499906909316,312.1691184185741, 4.082555257808177, 0.0, 0.0, 0.0, -134.6888995788885, 4.082555257811402, 207.5560496623835, 0.0, 0.0, 0.0, -10.31909940064798, 0.0, 0.0, 9.983448032288012e-07, -2.4241543760399373e-20, 4.456931278545765e-18, 0.0, 0.0, 0.0, -2.424154376039938e-20, 9.96700499885751e-07, 6.534519004673048e-29, 0.0, 0.0, 0.0, 4.4569312785457665e-18, 6.520459716079021e-29, 9.96700499885751e-07, 0.0, -134.68889957888186, -10.319099400647803, 0.0, 0.0, 0.0, 216.2652992007138,-6.05009575626e-05,9.60586343092e-07,0.0,0.0,0.0,7.11723774352e-99,3.36728253241426e-06, 0.0, 0.0, 0.0, 0.0, 0.0, 0.0, 3.36728253241426e-06, 0.0, 0.0, 0.0, 0.0, 0.0, 0.0, 9.975212984555747e-07, 9.217401312392193e-27, -5.257656931472892e-27, 0.0, 0.0, 0.0, 9.217401312392195e-27, 9.902295245952907e-07, -1.1275659256519746e-33, 0.0, 0.0, 0.0, -5.257656931472892e-27, 1.1275659256519636e-33, 9.902295245952907e-07, 0.0, 0.0, 0.0, 0.0, 0.0, 0.0, 3.3560368387147304e-06
1492028615526660584,108134,1492028615,451051950,-0.127244790654,0.718171246092,0.0,0.0,0.0,0.866079143045,0.499906909316,312.1709237915118, 4.082497778538516, 0.0, 0.0, 0.0, -134.68873849663674, 4.082497778541743, 207.55804804744744, 0.0, 0.0, 0.0, -10.319019449133187, 0.0, 0.0, 9.98359794523253e-07, 5.459939282116542e-20, 2.0550288120189184e-19, 0.0, 0.0, 0.0, 5.459939282116542e-20, 9.967302888864396e-07, -6.839976308677727e-30, 0.0, 0.0, 0.0, 2.0550288120189184e-19, -6.841264274328036e-30, 9.967302888864396e-07, 0.0, -134.6887384966301, -10.319019449133009, 0.0, 0.0, 0.0, 216.26770639526586,5.9952210303e-05,3.34688443488e-07,0.0,0.0,0.0,5.20663882673e-106,3.3982091777633817e-06, 0.0, 0.0, 0.0, 0.0, 0.0, 0.0, 3.3982091777633817e-06, 0.0, 0.0, 0.0, 0.0, 0.0, 0.0, 9.97543712435235e-07, 3.5950777651641616e-28, -3.5813318094708017e-28, 0.0, 0.0, 0.0, 3.595077765164164e-28, 9.903166811525387e-07, 5.243013496314342e-35, 0.0, 0.0, 0.0, -3.581331809470804e-28, -5.243013496313857e-35, 9.903166811525387e-07, 0.0, 0.0, 0.0, 0.0, 0.0, 0.0, 3.3868825612169445e-06
1492028615526689041,108135,1492028615,491472006,-0.12725051595,0.718181934997,0.0,0.0,0.0,0.866079143045,0.499906909316,312.1755205765302, 4.083339878894317, 0.0, 0.0, 0.0, -134.69080642342564, 4.083339878897544, 207.56018299053093, 0.0, 0.0, 0.0, -10.320213154918862, 0.0, 0.0, 9.983416625736613e-07, 1.0237052473821132e-20, -2.492868185106509e-17, 0.0, 0.0, 0.0, 1.0237052473821127e-20, 9.966942634692363e-07, 1.5388674978908477e-28, 0.0, 0.0, 0.0, -2.4928681851065093e-17, 1.538867919188023e-28, 9.96694263469236e-07, 0.0, -134.690806423419, -10.320213154918685, 0.0, 0.0, 0.0, 216.2701315999963,0.00055476091507,-1.20931321681e-06,0.0,0.0,0.0,3.80761854673e-113,3.3609574490099253e-06, 0.0, 0.0, 0.0, 0.0, 0.0, 0.0, 3.3609574490099253e-06, 0.0, 0.0, 0.0, 0.0, 0.0, 0.0, 9.975166041363114e-07, -5.1551604011651626e-26, 2.9749888225662274e-26, 0.0, 0.0, 0.0, -5.155160401165164e-26, 9.902114052673594e-07, 2.0122291103093684e-33, 0.0, 0.0, 0.0, 2.9749888225662274e-26, 2.2911577938630042e-33, 9.902114052673594e-07, 0.0, 0.0, 0.0, 0.0, 0.0, 0.0, 3.3497739678293323e-06
1492028615566781111,108136,1492028615,531140089,-0.127260711308,0.718198937351,0.0,0.0,0.0,0.866079143045,0.499906909316,312.1823940971761, 4.084932923844365, 0.0, 0.0, 0.0, -134.69473234200967, 4.08493292384759, 207.56238184685256, 0.0, 0.0, 0.0, -10.32247020698442, 0.0, 0.0, 9.983423309512655e-07, -3.5776675082591585e-20, -2.3167523219118885e-17, 0.0, 0.0, 0.0, -3.577667508259158e-20, 9.966955906124163e-07, -5.000837253713397e-28, 0.0, 0.0, 0.0, -2.3167523219118885e-17, -4.999429519294671e-28, 9.966955906124163e-07, 0.0, -134.69473234200302, -10.322470206984242, 0.0, 0.0, 0.0, 216.27251168631457,0.00032035393571,-1.83965343151e-07,0.0,0.0,0.0,2.78496594933e-120,3.362298788982807e-06, 0.0, 0.0, 0.0, 0.0, 0.0, 0.0, 3.362298788982807e-06, 0.0, 0.0, 0.0, 0.0, 0.0, 0.0, 9.975176031378893e-07, -4.78255489234497e-26, 2.7724393563770256e-26, 0.0, 0.0, 0.0, -4.782554892344969e-26, 9.902152594888558e-07, 1.5043462801547033e-33, 0.0, 0.0, 0.0, 2.7724393563770245e-26, 1.3927072073470234e-33, 9.902152594888558e-07, 0.0, 0.0, 0.0, 0.0, 0.0, 0.0, 3.351100621992047e-06
1492028615585604659,108137,1492028615,571566105,-0.127265950053,0.718207427852,0.0,0.0,0.0,0.866079143045,0.499906909316,312.18696323018384, 4.085765493298254, 0.0, 0.0, 0.0, -134.69677777898409, 4.085765493301483, 207.56451582038386, 0.0, 0.0, 0.0, -10.323650254327841, 0.0, 0.0, 9.983825648280193e-07, -4.79166039236732e-21, -1.0596566512530887e-17, 0.0, 0.0, 0.0, -4.791660392367322e-21, 9.967755352542475e-07, -3.139265207498086e-29, 0.0, 0.0, 0.0, -1.0596566512530886e-17, -3.139245346345535e-29, 9.967755352542475e-07, 0.0, -134.69677777897743, -10.323650254327664, 0.0, 0.0, 0.0, 216.274937248661,0.000139930492952,-1.02709631666e-07,0.0,0.0,0.0,2.03783963952e-127,3.4462091119768812e-06, 0.0, 0.0, 0.0, 0.0, 0.0, 0.0, 3.4462091119768812e-06, 0.0, 0.0, 0.0, 0.0, 0.0, 0.0, 9.975777572196302e-07, -2.1903740914919658e-26, 1.2665617081764868e-26, 0.0, 0.0, 0.0, -2.190374091491965e-26, 9.90448992828848e-07, -4.601240356866625e-34, 0.0, 0.0, 0.0, 1.2665617081764865e-26, 4.601240356866844e-34, 9.90448992828848e-07, 0.0, 0.0, 0.0, 0.0, 0.0, 0.0, 3.4347175563080956e-06
1492028615622685366,108138,1492028615,571566105,-0.127265950053,0.718207427852,0.0,0.0,0.0,0.866079143045,0.499906909316,312.18696323018384, 4.085765493298254, 0.0, 0.0, 0.0, -134.69677777898409, 4.085765493301483, 207.56451582038386, 0.0, 0.0, 0.0, -10.323650254327841, 0.0, 0.0, 9.983825648280193e-07, -4.79166039236732e-21, -1.0596566512530887e-17, 0.0, 0.0, 0.0, -4.791660392367322e-21, 9.967755352542475e-07, -3.139265207498086e-29, 0.0, 0.0, 0.0, -1.0596566512530886e-17, -3.139245346345535e-29, 9.967755352542475e-07, 0.0, -134.69677777897743, -10.323650254327664, 0.0, 0.0, 0.0, 216.274937248661,0.000139930492952,-1.02709631666e-07,0.0,0.0,0.0,2.03783963952e-127,3.4462091119768812e-06, 0.0, 0.0, 0.0, 0.0, 0.0, 0.0, 3.4462091119768812e-06, 0.0, 0.0, 0.0, 0.0, 0.0, 0.0, 9.975777572196302e-07, -2.1903740914919658e-26, 1.2665617081764868e-26, 0.0, 0.0, 0.0, -2.190374091491965e-26, 9.90448992828848e-07, -4.601240356866625e-34, 0.0, 0.0, 0.0, 1.2665617081764865e-26, 4.601240356866844e-34, 9.90448992828848e-07, 0.0, 0.0, 0.0, 0.0, 0.0, 0.0, 3.4347175563080956e-06
1492028615662722708,108139,1492028615,611212015,-0.127265954913,0.7182064513,0.0,0.0,0.0,0.866079143045,0.499906909316,312.18911360964233, 4.085822551674604, 0.0, 0.0, 0.0, -134.6969127015369, 4.085822551677838, 207.56650589598257, 0.0, 0.0, 0.0, -10.323731527407562, 0.0, 0.0, 9.98352993146273e-07, -3.8924296510750114e-20, 7.305602867256191e-18, 0.0, 0.0, 0.0, -3.8924296510750114e-20, 9.967167749940285e-07, 1.7265606256244963e-28, 0.0, 0.0, 0.0, 7.305602867256196e-18, 1.7265615284041577e-28, 9.967167749940285e-07, 0.0, -134.69691270153024, -10.323731527407384, 0.0, 0.0, 0.0, 216.2773160046078,-0.00024686606321,1.51969255645e-06,0.0,0.0,0.0,1.4900669936e-134,3.3841332063647657e-06, 0.0, 0.0, 0.0, 0.0, 0.0, 0.0, 3.3841332063647657e-06, 0.0, 0.0, 0.0, 0.0, 0.0, 0.0, 9.975335437828266e-07, 1.5141525480096372e-26, -8.63904669855305e-27, 0.0, 0.0, 0.0, 1.5141525480096378e-26, 9.902771776697733e-07, 7.427388276805362e-34, 0.0, 0.0, 0.0, -8.639046698553045e-27, -7.4273882768053935e-34, 9.902771776697733e-07, 0.0, 0.0, 0.0, 0.0, 0.0, 0.0, 3.372857087529057e-06
1492028615702709488,108140,1492028615,651417017,-0.127258954396,0.718193934673,0.0,0.0,0.0,0.866079143045,0.499906909316,312.1879279793349, 4.084779612548274, 0.0, 0.0, 0.0, -134.694346900306, 4.084779612551507, 207.5683750790193, 0.0, 0.0, 0.0, -10.322253540408799, 0.0, 0.0, 9.983700439975966e-07, -2.5750649533008975e-20, 2.0825767553325566e-17, 0.0, 0.0, 0.0, -2.575064953300898e-20, 9.96750654912357e-07, 3.290820907978982e-28, 0.0, 0.0, 0.0, 2.0825767553325572e-17, 3.289446756963662e-28, 9.96750654912357e-07, 0.0, -134.69434690029934, -10.32225354040862, 0.0, 0.0, 0.0, 216.279728306095,-0.000347149591495,1.3640410696e-07,0.0,0.0,0.0,1.09008637226e-141,3.419649768641514e-06, 0.0, 0.0, 0.0, 0.0, 0.0, 0.0, 3.419649768641514e-06, 0.0, 0.0, 0.0, 0.0, 0.0, 0.0, 9.975590366484148e-07, 4.3076647653927505e-26, -2.4811678237689504e-26, 0.0, 0.0, 0.0, 4.30766476539275e-26, 9.903762315860296e-07, 2.3688145430632264e-33, 0.0, 0.0, 0.0, -2.4811678237689507e-26, 1.4352549751874236e-33, 9.903762315860296e-07, 0.0, 0.0, 0.0, 0.0, 0.0, 0.0, 3.4082498342829407e-06
1492028615742712658,108141,1492028615,691322088,-0.12725457717,0.718186623008,0.0,0.0,0.0,0.866079143045,0.499906909316,312.18781599659707, 4.084092292241176, 0.0, 0.0, 0.0, -134.6926550645017, 4.084092292244409, 207.5702773882196, 0.0, 0.0, 0.0, -10.321279542716997, 0.0, 0.0, 9.983461350984297e-07, 6.06441400387559e-20, 6.349764110278644e-18, 0.0, 0.0, 0.0, 6.06441400387559e-20, 9.96703148694021e-07, -2.328345001620618e-28, 0.0, 0.0, 0.0, 6.3497641102786475e-18, -2.3283347099324776e-28, 9.96703148694021e-07, 0.0, -134.69265506449506, -10.32127954271682, 0.0, 0.0, 0.0, 216.2821226117258,-8.78207198983e-05,6.94572091229e-07,0.0,0.0,0.0,7.97140711031e-149,3.3700533698212055e-06, 0.0, 0.0, 0.0, 0.0, 0.0, 0.0, 3.3700533698212055e-06, 0.0, 0.0, 0.0, 0.0, 0.0, 0.0, 9.975232904865933e-07, 1.3046243133085566e-26, -7.703080991018547e-27, 0.0, 0.0, 0.0, 1.3046243133085572e-26, 9.902373444984444e-07, -5.718371041926029e-34, 0.0, 0.0, 0.0, -7.703080991018548e-27, 5.718371041926456e-34, 9.902373444984444e-07, 0.0, 0.0, 0.0, 0.0, 0.0, 0.0, 3.3588256661133907e-06
1492028615782654161,108142,1492028615,731393099,-0.127253661869,0.718184940061,0.0,0.0,0.0,0.866079143045,0.499906909316,312.1894347475168, 4.083964083789808, 0.0, 0.0, 0.0, -134.69234610041997, 4.083964083793043, 207.57226357192985, 0.0, 0.0, 0.0, -10.321097347036668, 0.0, 0.0, 9.983364136485667e-07, -7.582821859522767e-20, 7.974474676405847e-19, 0.0, 0.0, 0.0, -7.582821859522769e-20, 9.96683834209253e-07, 3.627684652513335e-29, 0.0, 0.0, 0.0, 7.974474676405849e-19, 3.6420701454916924e-29, 9.96683834209253e-07, 0.0, -134.69234610041332, -10.32109734703649, 0.0, 0.0, 0.0, 216.2845268737303,-5.99588907785e-05,9.52558361711e-07,0.0,0.0,0.0,5.8300328273e-156,3.350304348595001e-06, 0.0, 0.0, 0.0, 0.0, 0.0, 0.0, 3.350304348595001e-06, 0.0, 0.0, 0.0, 0.0, 0.0, 0.0, 9.97508756583781e-07, 1.7383225615659772e-27, -7.951623120828543e-28, 0.0, 0.0, 0.0, 1.738322561565979e-27, 9.901809054696562e-07, 2.038609153968082e-33, 0.0, 0.0, 0.0, -7.95162312082855e-28, -2.0386091539680847e-33, 9.901809054696562e-07, 0.0, 0.0, 0.0, 0.0, 0.0, 0.0, 3.339150330611213e-06
1492028615822713894,108143,1492028615,771400928,-0.127250010795,0.718177879755,0.0,0.0,0.0,0.866079143045,0.499906909316,312.18990797941456, 4.083467130833309, 0.0, 0.0, 0.0, -134.69111993842236, 4.0834671308365476, 207.5741967945103, 0.0, 0.0, 0.0, -10.32039330262741, 0.0, 0.0, 9.982748734674703e-07, -2.076980056420987e-20, 1.5810953975700453e-17, 0.0, 0.0, 0.0, -2.076980056420987e-20, 9.965615823339403e-07, 1.9035787449735818e-28, 0.0, 0.0, 0.0, 1.5810953975700457e-17, 1.9035707403272505e-28, 9.965615823339403e-07, 0.0, -134.6911199384157, -10.320393302627233, 0.0, 0.0, 0.0, 216.28692734488237,-0.000380166009982,-6.72575934322e-07,0.0,0.0,0.0,4.26124847595e-163,3.2304141280317904e-06, 0.0, 0.0, 0.0, 0.0, 0.0, 0.0, 3.2304141280317904e-06, 0.0, 0.0, 0.0, 0.0, 0.0, 0.0, 9.974167578726532e-07, 3.2678255569994875e-26, -1.8818968509318316e-26, 0.0, 0.0, 0.0, 3.2678255569994904e-26, 9.898238174494377e-07, -6.42375204025866e-34, 0.0, 0.0, 0.0, -1.8818968509318313e-26, 6.42375204025866e-34, 9.898238174494377e-07, 0.0, 0.0, 0.0, 0.0, 0.0, 0.0, 3.219686859674855e-06
1492028615822741697,108144,1492028615,771400928,-0.127250010795,0.718177879755,0.0,0.0,0.0,0.866079143045,0.499906909316,312.18990797941456, 4.083467130833309, 0.0, 0.0, 0.0, -134.69111993842236, 4.0834671308365476, 207.5741967945103, 0.0, 0.0, 0.0, -10.32039330262741, 0.0, 0.0, 9.982748734674703e-07, -2.076980056420987e-20, 1.5810953975700453e-17, 0.0, 0.0, 0.0, -2.076980056420987e-20, 9.965615823339403e-07, 1.9035787449735818e-28, 0.0, 0.0, 0.0, 1.5810953975700457e-17, 1.9035707403272505e-28, 9.965615823339403e-07, 0.0, -134.6911199384157, -10.320393302627233, 0.0, 0.0, 0.0, 216.28692734488237,-0.000380166009982,-6.72575934322e-07,0.0,0.0,0.0,4.26124847595e-163,3.2304141280317904e-06, 0.0, 0.0, 0.0, 0.0, 0.0, 0.0, 3.2304141280317904e-06, 0.0, 0.0, 0.0, 0.0, 0.0, 0.0, 9.974167578726532e-07, 3.2678255569994875e-26, -1.8818968509318316e-26, 0.0, 0.0, 0.0, 3.2678255569994904e-26, 9.898238174494377e-07, -6.42375204025866e-34, 0.0, 0.0, 0.0, -1.8818968509318313e-26, 6.42375204025866e-34, 9.898238174494377e-07, 0.0, 0.0, 0.0, 0.0, 0.0, 0.0, 3.219686859674855e-06
1492028615862712824,108145,1492028615,811512947,-0.12724369575,0.718167293216,0.0,0.0,0.0,0.866079143045,0.499906909316,312.18886552909845, 4.082471786791399, 0.0, 0.0, 0.0, -134.68867260943458, 4.082471786794641, 207.5760677885592, 0.0, 0.0, 0.0, -10.318982469067217, 0.0, 0.0, 9.983313705087302e-07, 1.001615277204021e-20, 1.2755745929115868e-17, 0.0, 0.0, 0.0, 1.0016152772040212e-20, 9.966738146141328e-07, -7.663899370389413e-29, 0.0, 0.0, 0.0, 1.2755745929115872e-17, -7.649716701908324e-29, 9.966738146141328e-07, 0.0, -134.68867260942793, -10.31898246906704, 0.0, 0.0, 0.0, 216.28933406735788,-7.03268072387e-05,-6.72685973306e-08,0.0,0.0,0.0,3.11852366902e-170,3.3401450232187064e-06, 0.0, 0.0, 0.0, 0.0, 0.0, 0.0, 3.3401450232187064e-06, 0.0, 0.0, 0.0, 0.0, 0.0, 0.0, 9.975012169554275e-07, 2.6342577757409345e-26, -1.524404225635364e-26, 0.0, 0.0, 0.0, 2.6342577757409357e-26, 9.90151623616827e-07, 1.8635397429483175e-33, 0.0, 0.0, 0.0, -1.5244042256353644e-26, -1.8635397265893184e-33, 9.90151623616827e-07, 0.0, 0.0, 0.0, 0.0, 0.0, 0.0, 3.3290262136810347e-06
1492028615885674338,108146,1492028615,852444887,-0.127248336756,0.718176045065,0.0,0.0,0.0,0.866079143045,0.499906909316,312.1929098399388, 4.083122007099762, 0.0, 0.0, 0.0, -134.6902766027188, 4.0831220071030065, 207.5782023183415, 0.0, 0.0, 0.0, -10.31990373180299, 0.0, 0.0, 9.984693003771963e-07, -7.361760997712003e-21, -2.2141441703968152e-17, 0.0, 0.0, 0.0, -7.361760997711998e-21, 9.969479219219835e-07, -1.0654814407243108e-28, 0.0, 0.0, 0.0, -2.2141441703968146e-17, -1.0642756882085029e-28, 9.969479219219835e-07, 0.0, -134.69027660271215, -10.319903731802812, 0.0, 0.0, 0.0, 216.2917899851895,0.000431499481374,-1.68128776614e-06,0.0,0.0,0.0,2.28412381482e-177,3.6421021011677203e-06, 0.0, 0.0, 0.0, 0.0, 0.0, 0.0, 3.6421021011677203e-06, 0.0, 0.0, 0.0, 0.0, 0.0, 0.0, 9.977074527600108e-07, -4.582822762216471e-26, 2.6492411949517754e-26, 0.0, 0.0, 0.0, -4.5828227622164713e-26, 9.90953490088845e-07, -3.870991100282837e-34, 0.0, 0.0, 0.0, 2.6492411949517754e-26, 4.5505136365306156e-33, 9.90953490088845e-07, 0.0, 0.0, 0.0, 0.0, 0.0, 0.0, 3.6299211216852196e-06
1492028615922721927,108147,1492028615,891601086,-0.127253581839,0.718184241672,0.0,0.0,0.0,0.866079143045,0.499906909316,312.1975996691487, 4.084012899071673, 0.0, 0.0, 0.0, -134.6924701737778, 4.084012899074919, 207.58028063664523, 0.0, 0.0, 0.0, -10.32116627964811, 0.0, 0.0, 9.98340205563718e-07, 1.4063049160862684e-20, -4.519090465121786e-18, 0.0, 0.0, 0.0, 1.4063049160862687e-20, 9.966913678105064e-07, 3.8289978966283794e-29, 0.0, 0.0, 0.0, -4.5190904651217855e-18, 3.828819146255416e-29, 9.966913678105064e-07, 0.0, -134.69247017377114, -10.321166279647933, 0.0, 0.0, 0.0, 216.29413935840122,-3.88587146778e-05,2.20305954667e-07,0.0,0.0,0.0,1.66811211031e-184,3.3579789384589533e-06, 0.0, 0.0, 0.0, 0.0, 0.0, 0.0, 3.3579789384589533e-06, 0.0, 0.0, 0.0, 0.0, 0.0, 0.0, 9.975144255781408e-07, -9.35442991341026e-27, 5.364711449269907e-27, 0.0, 0.0, 0.0, -9.354429913410262e-27, 9.90202916904516e-07, -1.0078452936186517e-33, 0.0, 0.0, 0.0, 5.364711449269907e-27, 1.0078453214797713e-33, 9.90202916904516e-07, 0.0, 0.0, 0.0, 0.0, 0.0, 0.0, 3.3467956706663477e-06
1492028615962700828,108148,1492028615,931695938,-0.127253977748,0.718185041983,0.0,0.0,0.0,0.866079143045,0.499906909316,312.19973306460895, 4.084057714937699, 0.0, 0.0, 0.0, -134.69257345435972, 4.08405771494095, 207.58229151548642, 0.0, 0.0, 0.0, -10.321230333445964, 0.0, 0.0, 9.983457828650043e-07, 4.300240864955674e-20, -5.465563509991199e-18, 0.0, 0.0, 0.0, 4.3002408649556767e-20, 9.96702448834256e-07, 1.4215042761601169e-28, 0.0, 0.0, 0.0, -5.465563509991201e-18, 1.4201099630656913e-28, 9.96702448834256e-07, 0.0, -134.69257345435307, -10.321230333445786, 0.0, 0.0, 0.0, 216.29654505091673,0.000148965890984,9.40082533466e-07,0.0,0.0,0.0,1.22020213411e-191,3.3693330532871412e-06, 0.0, 0.0, 0.0, 0.0, 0.0, 0.0, 3.3693330532871412e-06, 0.0, 0.0, 0.0, 0.0, 0.0, 0.0, 9.975227638702822e-07, -1.1342155927535574e-26, 6.433171519382843e-27, 0.0, 0.0, 0.0, -1.134215592753557e-26, 9.902352982912847e-07, -2.8541928574767784e-34, 0.0, 0.0, 0.0, 6.433171519382843e-27, 2.8541928574769973e-34, 9.902352982912847e-07, 0.0, 0.0, 0.0, 0.0, 0.0, 0.0, 3.358107649933654e-06
1492028616002688844,108149,1492028615,971777916,-0.127257132804,0.718190381789,0.0,0.0,0.0,0.866079143045,0.499906909316,312.2032439046018, 4.08455179940237, 0.0, 0.0, 0.0, -134.69378323788865, 4.084551799405616, 207.58436251388403, 0.0, 0.0, 0.0, -10.321931054419725, 0.0, 0.0, 9.983423303211647e-07, -1.2914183739813584e-20, -9.897095197798238e-18, 0.0, 0.0, 0.0, -1.2914183739813581e-20, 9.966955856392751e-07, -7.710381689597199e-29, 0.0, 0.0, 0.0, -9.897095197798233e-18, -7.710395532218675e-29, 9.966955856392751e-07, 0.0, -134.693783237882, -10.321931054419547, 0.0, 0.0, 0.0, 216.29894997096164,0.000170717580476,1.46450684007e-06,0.0,0.0,0.0,8.92048485013e-199,3.362226501830973e-06, 0.0, 0.0, 0.0, 0.0, 0.0, 0.0, 3.362226501830973e-06, 0.0, 0.0, 0.0, 0.0, 0.0, 0.0, 9.975176010255516e-07, -2.0371576967735336e-26, 1.1802849488750113e-26, 0.0, 0.0, 0.0, -2.0371576967735336e-26, 9.902151323022858e-07, -5.763253656342311e-35, 0.0, 0.0, 0.0, 1.1802849488750116e-26, 5.763253656351069e-35, 9.902151323022858e-07, 0.0, 0.0, 0.0, 0.0, 0.0, 0.0, 3.350989472834681e-06
1492028616042755805,108150,1492028615,971777916,-0.127257132804,0.718190381789,0.0,0.0,0.0,0.866079143045,0.499906909316,312.2032439046018, 4.08455179940237, 0.0, 0.0, 0.0, -134.69378323788865, 4.084551799405616, 207.58436251388403, 0.0, 0.0, 0.0, -10.321931054419725, 0.0, 0.0, 9.983423303211647e-07, -1.2914183739813584e-20, -9.897095197798238e-18, 0.0, 0.0, 0.0, -1.2914183739813581e-20, 9.966955856392751e-07, -7.710381689597199e-29, 0.0, 0.0, 0.0, -9.897095197798233e-18, -7.710395532218675e-29, 9.966955856392751e-07, 0.0, -134.693783237882, -10.321931054419547, 0.0, 0.0, 0.0, 216.29894997096164,0.000170717580476,1.46450684007e-06,0.0,0.0,0.0,8.92048485013e-199,3.362226501830973e-06, 0.0, 0.0, 0.0, 0.0, 0.0, 0.0, 3.362226501830973e-06, 0.0, 0.0, 0.0, 0.0, 0.0, 0.0, 9.975176010255516e-07, -2.0371576967735336e-26, 1.1802849488750113e-26, 0.0, 0.0, 0.0, -2.0371576967735336e-26, 9.902151323022858e-07, -5.763253656342311e-35, 0.0, 0.0, 0.0, 1.1802849488750116e-26, 5.763253656351069e-35, 9.902151323022858e-07, 0.0, 0.0, 0.0, 0.0, 0.0, 0.0, 3.350989472834681e-06
1492028616082688167,108151,1492028616,12068987,-0.127262624624,0.718199948162,0.0,0.0,0.0,0.866079143045,0.499906909316,312.20777883037107, 4.085380598898613, 0.0, 0.0, 0.0, -134.69580689212114, 4.08538059890186, 207.58648932133462, 0.0, 0.0, 0.0, -10.323106898900324, 0.0, 0.0, 9.983732299775565e-07, -1.4760828637121038e-20, -1.8960375808165544e-17, 0.0, 0.0, 0.0, -1.476082863712104e-20, 9.967569843839102e-07, -1.719721708577288e-28, 0.0, 0.0, 0.0, -1.896037580816554e-17, -1.7210960401485406e-28, 9.9675698438391e-07, 0.0, -134.6958068921145, -10.323106898900146, 0.0, 0.0, 0.0, 216.30136743659958,0.000326365463549,-6.67280414731e-07,0.0,0.0,0.0,6.52591715701e-206,3.426340725237722e-06, 0.0, 0.0, 0.0, 0.0, 0.0, 0.0, 3.426340725237722e-06, 0.0, 0.0, 0.0, 0.0, 0.0, 0.0, 9.975637997193282e-07, -3.913140547848404e-26, 2.264438560641777e-26, 0.0, 0.0, 0.0, -3.913140547848403e-26, 9.90394700343971e-07, -8.955167986006484e-34, 0.0, 0.0, 0.0, 2.2644385606417774e-26, 2.6589464039302057e-33, 9.90394700343971e-07, 0.0, 0.0, 0.0, 0.0, 0.0, 0.0, 3.4149020977954236e-06
1492028616122720147,108152,1492028616,51983118,-0.127269219397,0.718211319573,0.0,0.0,0.0,0.866079143045,0.499906909316,312.2128992973411, 4.086399227067716, 0.0, 0.0, 0.0, -134.69831580968352, 4.086399227070965, 207.5886228404043, 0.0, 0.0, 0.0, -10.324550359721826, 0.0, 0.0, 9.982948612950113e-07, -7.289329953738605e-20, -1.8088525803188088e-17, 0.0, 0.0, 0.0, -7.289329953738605e-20, 9.966012857475193e-07, -7.7327029769114045e-28, 0.0, 0.0, 0.0, -1.8088525803188097e-17, -7.732692263926089e-28, 9.96601285747519e-07, 0.0, -134.69831580967687, -10.324550359721648, 0.0, 0.0, 0.0, 216.30376228583603,0.000355697756472,9.57526126404e-08,0.0,0.0,0.0,4.76951419284e-213,3.268407410049613e-06, 0.0, 0.0, 0.0, 0.0, 0.0, 0.0, 3.268407410049613e-06, 0.0, 0.0, 0.0, 0.0, 0.0, 0.0, 9.974466372238723e-07, -3.728035492867421e-26, 2.1735339049144649e-26, 0.0, 0.0, 0.0, -3.7280354928674197e-26, 9.899397542503008e-07, 7.869473076170662e-34, 0.0, 0.0, 0.0, 2.173533904914464e-26, -7.8694730761711e-34, 9.899397542503008e-07, 0.0, 0.0, 0.0, 0.0, 0.0, 0.0, 3.2575464965432842e-06
1492028616122744532,108153,1492028616,91973066,-0.127275537579,0.718221978458,0.0,0.0,0.0,0.866079143045,0.499906909316,312.2180026557139, 4.087410801829524, 0.0, 0.0, 0.0, -134.7008079270754, 4.087410801832773, 207.59075920642806, 0.0, 0.0, 0.0, -10.325983745819391, 0.0, 0.0, 9.983513617412696e-07, -8.996223213245853e-20, -1.467173757598498e-17, 0.0, 0.0, 0.0, -8.996223213245855e-20, 9.967135335264278e-07, -8.0053237170320765e-28, 0.0, 0.0, 0.0, -1.4671737575984976e-17, -8.006707497697119e-28, 9.967135335264278e-07, 0.0, -134.70080792706875, -10.325983745819213, 0.0, 0.0, 0.0, 216.30616168408042,0.000202864896638,-1.08574997989e-06,0.0,0.0,0.0,3.49054355255e-220,3.3807735849263756e-06, 0.0, 0.0, 0.0, 0.0, 0.0, 0.0, 3.3807735849263756e-06, 0.0, 0.0, 0.0, 0.0, 0.0, 0.0, 9.975311047020257e-07, -3.020830302490869e-26, 1.7697334122422223e-26, 0.0, 0.0, 0.0, -3.02083030249087e-26, 9.902677021103432e-07, 3.197868161112033e-35, 0.0, 0.0, 0.0, 1.7697334122422226e-26, -3.197866528507362e-35, 9.902677021103432e-07, 0.0, 0.0, 0.0, 0.0, 0.0, 0.0, 3.3695092066667363e-06
1492028616162693442,108154,1492028616,132190943,-0.127278301631,0.718226484269,0.0,0.0,0.0,0.866079143045,0.499906909316,312.22143998689546, 4.087876027150425, 0.0, 0.0, 0.0, -134.70195321223332, 4.087876027153669, 207.5928330706353, 0.0, 0.0, 0.0, -10.326643017932518, 0.0, 0.0, 9.98380203610767e-07, -2.791362224594402e-20, -5.36930523677861e-18, 0.0, 0.0, 0.0, -2.7913622245944005e-20, 9.967708426386277e-07, -9.252813241220757e-29, 0.0, 0.0, 0.0, -5.369305236778609e-18, -9.252796991186851e-29, 9.967708426386277e-07, 0.0, -134.70195321222667, -10.32664301793234, 0.0, 0.0, 0.0, 216.30857475804274,6.62267326539e-05,-1.19199512714e-06,0.0,0.0,0.0,2.55384854506e-227,3.4411576304283285e-06, 0.0, 0.0, 0.0, 0.0, 0.0, 0.0, 3.4411576304283285e-06, 0.0, 0.0, 0.0, 0.0, 0.0, 0.0, 9.975742266403547e-07, -1.1062827471738272e-26, 6.467219398223624e-27, 0.0, 0.0, 0.0, -1.1062827471738275e-26, 9.90435253012269e-07, 1.3354400998716165e-33, 0.0, 0.0, 0.0, 6.467219398223621e-27, -1.3354400998715508e-33, 9.90435253012269e-07, 0.0, 0.0, 0.0, 0.0, 0.0, 0.0, 3.4296772289784585e-06
1492028616185693978,108155,1492028616,172086954,-0.127278481559,0.718226459309,0.0,0.0,0.0,0.866079143045,0.499906909316,312.2236736224108, 4.087953626005388, 0.0, 0.0, 0.0, -134.7021449570018, 4.087953626008632, 207.59483838940915, 0.0, 0.0, 0.0, -10.326752928535992, 0.0, 0.0, 9.983264969448015e-07, -2.393324052944989e-20, 2.4701012476317392e-18, 0.0, 0.0, 0.0, -2.3933240529449887e-20, 9.96664131561573e-07, 3.539732246778031e-29, 0.0, 0.0, 0.0, 2.470101247631739e-18, 3.5253660130991174e-29, 9.96664131561573e-07, 0.0, -134.70214495699514, -10.326752928535814, 0.0, 0.0, 0.0, 216.31096852008466,-0.000108529331608,1.40325748236e-07,0.0,0.0,0.0,1.86699389036e-234,3.3303737519205623e-06, 0.0, 0.0, 0.0, 0.0, 0.0, 0.0, 3.3303737519205623e-06, 0.0, 0.0, 0.0, 0.0, 0.0, 0.0, 9.97493930744124e-07, 5.128798793323127e-27, -2.8966780436666125e-27, 0.0, 0.0, 0.0, 5.128798793323127e-27, 9.901233105668795e-07, 7.973074636495728e-34, 0.0, 0.0, 0.0, -2.8966780436666118e-27, -7.973074636495509e-34, 9.901233105668795e-07, 0.0, 0.0, 0.0, 0.0, 0.0, 0.0, 3.3192823539652906e-06
1492028616222703621,108156,1492028616,172086954,-0.127278481559,0.718226459309,0.0,0.0,0.0,0.866079143045,0.499906909316,312.2236736224108, 4.087953626005388, 0.0, 0.0, 0.0, -134.7021449570018, 4.087953626008632, 207.59483838940915, 0.0, 0.0, 0.0, -10.326752928535992, 0.0, 0.0, 9.983264969448015e-07, -2.393324052944989e-20, 2.4701012476317392e-18, 0.0, 0.0, 0.0, -2.3933240529449887e-20, 9.96664131561573e-07, 3.539732246778031e-29, 0.0, 0.0, 0.0, 2.470101247631739e-18, 3.5253660130991174e-29, 9.96664131561573e-07, 0.0, -134.70214495699514, -10.326752928535814, 0.0, 0.0, 0.0, 216.31096852008466,-0.000108529331608,1.40325748236e-07,0.0,0.0,0.0,1.86699389036e-234,3.3303737519205623e-06, 0.0, 0.0, 0.0, 0.0, 0.0, 0.0, 3.3303737519205623e-06, 0.0, 0.0, 0.0, 0.0, 0.0, 0.0, 9.97493930744124e-07, 5.128798793323127e-27, -2.8966780436666125e-27, 0.0, 0.0, 0.0, 5.128798793323127e-27, 9.901233105668795e-07, 7.973074636495728e-34, 0.0, 0.0, 0.0, -2.8966780436666118e-27, -7.973074636495509e-34, 9.901233105668795e-07, 0.0, 0.0, 0.0, 0.0, 0.0, 0.0, 3.3192823539652906e-06
1492028616262678612,108157,1492028616,212115049,-0.127277576112,0.718225046915,0.0,0.0,0.0,0.866079143045,0.499906909316,312.22515755279295, 4.087788066480441, 0.0, 0.0, 0.0, -134.70172944428106, 4.087788066483681, 207.5968174751886, 0.0, 0.0, 0.0, -10.326518919030407, 0.0, 0.0, 9.983278580505584e-07, 1.0868456794637106e-20, -2.3465236235386883e-18, 0.0, 0.0, 0.0, 1.0868456794637108e-20, 9.966668360978616e-07, 1.5252426268699022e-29, 0.0, 0.0, 0.0, -2.346523623538689e-18, 1.5251246636608085e-29, 9.966668360978616e-07, 0.0, -134.7017294442744, -10.32651891903023, 0.0, 0.0, 0.0, 216.31337020716185,0.000107954680029,-1.43739871505e-06,0.0,0.0,0.0,1.36562108454e-241,3.333101947043293e-06, 0.0, 0.0, 0.0, 0.0, 0.0, 0.0, 3.333101947043293e-06, 0.0, 0.0, 0.0, 0.0, 0.0, 0.0, 9.974959657303487e-07, -4.859461169330187e-27, 2.7770543709481473e-27, 0.0, 0.0, 0.0, -4.8594611693301834e-27, 9.901312255983495e-07, -4.162401633322898e-34, 0.0, 0.0, 0.0, 2.7770543709481462e-27, 4.162401633323336e-34, 9.901312255983495e-07, 0.0, 0.0, 0.0, 0.0, 0.0, 0.0, 3.32200562409702e-06
1492028616302745803,108158,1492028616,252203941,-0.127281599521,0.718231984884,0.0,0.0,0.0,0.866079143045,0.499906909316,312.22906280603746, 4.088408455877305, 0.0, 0.0, 0.0, -134.70325564868037, 4.088408455880545, 207.5989058964585, 0.0, 0.0, 0.0, -10.327398176184643, 0.0, 0.0, 9.983475815897731e-07, -3.421110675202567e-20, -1.3171324728989499e-17, 0.0, 0.0, 0.0, -3.421110675202567e-20, 9.96706022738759e-07, -2.726941661998008e-28, 0.0, 0.0, 0.0, -1.3171324728989502e-17, -2.7269493657177854e-28, 9.96706022738759e-07, 0.0, -134.70325564867372, -10.327398176184465, 0.0, 0.0, 0.0, 216.31577554204574,0.000157179400177,6.70630504474e-07,0.0,0.0,0.0,9.99058250491e-249,3.3730140468368453e-06, 0.0, 0.0, 0.0, 0.0, 0.0, 0.0, 3.3730140468368453e-06, 0.0, 0.0, 0.0, 0.0, 0.0, 0.0, 9.975254530982972e-07, -2.717225189450563e-26, 1.5789946664255465e-26, 0.0, 0.0, 0.0, -2.717225189450563e-26, 9.90245746701686e-07, 1.440185845746431e-34, 0.0, 0.0, 0.0, 1.5789946664255468e-26, -1.440185845746431e-34, 9.90245746701686e-07, 0.0, 0.0, 0.0, 0.0, 0.0, 0.0, 3.3617765475936243e-06
1492028616342720781,108159,1492028616,292634964,-0.127283859574,0.718235769268,0.0,0.0,0.0,0.866079143045,0.499906909316,312.2322157141641, 4.0887780344604705, 0.0, 0.0, 0.0, -134.70416403433458, 4.088778034463709, 207.60097749315435, 0.0, 0.0, 0.0, -10.32792202561479, 0.0, 0.0, 9.983735330708732e-07, -4.273363621149035e-20, -5.5003344974932165e-18, 0.0, 0.0, 0.0, -4.2733636211490345e-20, 9.967575884009882e-07, -1.4444789352079552e-28, 0.0, 0.0, 0.0, -5.5003344974932165e-18, -1.4458272667249586e-28, 9.967575884009882e-07, 0.0, -134.70416403432793, -10.327922025614612, 0.0, 0.0, 0.0, 216.3182014048031,0.000120055819824,6.2260830046e-07,0.0,0.0,0.0,7.30935838492e-256,3.4270193664769318e-06, 0.0, 0.0, 0.0, 0.0, 0.0, 0.0, 3.4270193664769318e-06, 0.0, 0.0, 0.0, 0.0, 0.0, 0.0, 9.975642534358082e-07, -1.1322810374452681e-26, 6.658331125152128e-27, 0.0, 0.0, 0.0, -1.1322810374452681e-26, 9.903965195252168e-07, -1.5080594011207069e-33, 0.0, 0.0, 0.0, 6.658331125152128e-27, 1.5080594011207074e-33, 9.903965195252168e-07, 0.0, 0.0, 0.0, 0.0, 0.0, 0.0, 3.4155993016813574e-06
1492028616382688757,108160,1492028616,332763910,-0.127287472658,0.718241977103,0.0,0.0,0.0,0.866079143045,0.499906909316,312.23590261544496, 4.089332176706639, 0.0, 0.0, 0.0, -134.7055133146625, 4.089332176709882, 207.60305906234962, 0.0, 0.0, 0.0, -10.328708454895226, 0.0, 0.0, 9.984199638641878e-07, 6.211495185385952e-21, -1.1558653438876645e-17, 0.0, 0.0, 0.0, 6.211495185385951e-21, 9.968498581383448e-07, 4.543947027261778e-29, 0.0, 0.0, 0.0, -1.1558653438876645e-17, 4.544020453340908e-29, 9.968498581383448e-07, 0.0, -134.70551331465586, -10.328708454895049, 0.0, 0.0, 0.0, 216.32060914294507,0.000187652775121,-7.79663305263e-07,0.0,0.0,0.0,5.34865206162e-263,3.5280302243349807e-06, 0.0, 0.0, 0.0, 0.0, 0.0, 0.0, 3.5280302243349807e-06, 0.0, 0.0, 0.0, 0.0, 0.0, 0.0, 9.976336770990193e-07, -2.3912318472156708e-26, 1.3795499095146e-26, 0.0, 0.0, 0.0, -2.391231847215671e-26, 9.906664090783896e-07, -3.537216491974798e-34, 0.0, 0.0, 0.0, 1.3795499095145987e-26, 3.537216491974798e-34, 9.906664090783896e-07, 0.0, 0.0, 0.0, 0.0, 0.0, 0.0, 3.516246953228156e-06
1492028616422682216,108161,1492028616,372390032,-0.127290315822,0.718246659397,0.0,0.0,0.0,0.866079143045,0.499906909316,312.23932886985517, 4.089806001496813, 0.0, 0.0, 0.0, -134.70667349981176, 4.089806001500059, 207.60510456102685, 0.0, 0.0, 0.0, -10.32938039792769, 0.0, 0.0, 9.983392197209797e-07, 1.3432917121631264e-20, -6.1260307816845755e-18, 0.0, 0.0, 0.0, 1.3432917121631264e-20, 9.966894089926591e-07, 4.9549579311341354e-29, 0.0, 0.0, 0.0, -6.126030781684577e-18, 4.9549314495974e-29, 9.966894089926591e-07, 0.0, -134.7066734998051, -10.329380397927512, 0.0, 0.0, 0.0, 216.3229867115752,7.59819374573e-05,1.11497218053e-06,0.0,0.0,0.0,3.90884706959e-270,3.3559763980858776e-06, 0.0, 0.0, 0.0, 0.0, 0.0, 0.0, 3.3559763980858776e-06, 0.0, 0.0, 0.0, 0.0, 0.0, 0.0, 9.97512951661332e-07, -1.267141710822543e-26, 7.282467426003452e-27, 0.0, 0.0, 0.0, -1.267141710822543e-26, 9.901971881018615e-07, -2.72928482758076e-33, 0.0, 0.0, 0.0, 7.282467426003452e-27, 2.7292848275807656e-33, 9.901971881018615e-07, 0.0, 0.0, 0.0, 0.0, 0.0, 0.0, 3.3447986276269386e-06
1492028616422718544,108162,1492028616,372390032,-0.127290315822,0.718246659397,0.0,0.0,0.0,0.866079143045,0.499906909316,312.23932886985517, 4.089806001496813, 0.0, 0.0, 0.0, -134.70667349981176, 4.089806001500059, 207.60510456102685, 0.0, 0.0, 0.0, -10.32938039792769, 0.0, 0.0, 9.983392197209797e-07, 1.3432917121631264e-20, -6.1260307816845755e-18, 0.0, 0.0, 0.0, 1.3432917121631264e-20, 9.966894089926591e-07, 4.9549579311341354e-29, 0.0, 0.0, 0.0, -6.126030781684577e-18, 4.9549314495974e-29, 9.966894089926591e-07, 0.0, -134.7066734998051, -10.329380397927512, 0.0, 0.0, 0.0, 216.3229867115752,7.59819374573e-05,1.11497218053e-06,0.0,0.0,0.0,3.90884706959e-270,3.3559763980858776e-06, 0.0, 0.0, 0.0, 0.0, 0.0, 0.0, 3.3559763980858776e-06, 0.0, 0.0, 0.0, 0.0, 0.0, 0.0, 9.97512951661332e-07, -1.267141710822543e-26, 7.282467426003452e-27, 0.0, 0.0, 0.0, -1.267141710822543e-26, 9.901971881018615e-07, -2.72928482758076e-33, 0.0, 0.0, 0.0, 7.282467426003452e-27, 2.7292848275807656e-33, 9.901971881018615e-07, 0.0, 0.0, 0.0, 0.0, 0.0, 0.0, 3.3447986276269386e-06
1492028616462752462,108163,1492028616,413219929,-0.127291387255,0.718248389022,0.0,0.0,0.0,0.866079143045,0.499906909316,312.24195666467847, 4.089998475123534, 0.0, 0.0, 0.0, -134.70714424395712, 4.089998475126778, 207.60717215284063, 0.0, 0.0, 0.0, -10.329653390984168, 0.0, 0.0, 9.98460230729094e-07, -5.603622739620964e-20, -2.1753829948315966e-18, 0.0, 0.0, 0.0, -5.603622739620964e-20, 9.96929893107261e-07, -7.916786611002717e-29, 0.0, 0.0, 0.0, -2.175382994831597e-18, -7.916746888697614e-29, 9.96929893107261e-07, 0.0, -134.70714424395047, -10.32965339098399, 0.0, 0.0, 0.0, 216.32543650681043,2.50443608739e-05,-9.41999010373e-07,0.0,0.0,0.0,2.86250883101e-277,3.6205816625104562e-06, 0.0, 0.0, 0.0, 0.0, 0.0, 0.0, 3.6205816625104562e-06, 0.0, 0.0, 0.0, 0.0, 0.0, 0.0, 9.976938898382564e-07, -4.4354188352401536e-27, 2.7167223965045563e-27, 0.0, 0.0, 0.0, -4.435418835240154e-27, 9.909006920564186e-07, 8.450678039956876e-34, 0.0, 0.0, 0.0, 2.7167223965045563e-27, -8.450678039956438e-34, 9.909006920564186e-07, 0.0, 0.0, 0.0, 0.0, 0.0, 0.0, 3.608474723527098e-06
1492028616485575060,108164,1492028616,452708006,-0.12729169441,0.718248814286,0.0,0.0,0.0,0.866079143045,0.499906909316,312.2441632930044, 4.090073379831413, 0.0, 0.0, 0.0, -134.70733068922047, 4.090073379834654, 207.6091567029914, 0.0, 0.0, 0.0, -10.32975938324344, 0.0, 0.0, 9.983671886287462e-07, 6.226406298158261e-20, -8.64188474778654e-19, 0.0, 0.0, 0.0, 6.226406298158263e-20, 9.967449812622362e-07, 3.29550145941164e-29, 0.0, 0.0, 0.0, -8.641884747786538e-19, 3.2953846999087613e-29, 9.967449812622362e-07, 0.0, -134.70733068921382, -10.329759383243262, 0.0, 0.0, 0.0, 216.32780579276755,-2.69052635566e-05,-1.53194451776e-06,0.0,0.0,0.0,2.09130768239e-284,3.413652786029093e-06, 0.0, 0.0, 0.0, 0.0, 0.0, 0.0, 3.413652786029093e-06, 0.0, 0.0, 0.0, 0.0, 0.0, 0.0, 9.975547675367342e-07, -1.8606731930508122e-27, 9.03159763975681e-28, 0.0, 0.0, 0.0, -1.860673193050812e-27, 9.903596450901011e-07, 2.258482637061852e-33, 0.0, 0.0, 0.0, 9.031597639756807e-28, -2.258482637061808e-33, 9.903596450901011e-07, 0.0, 0.0, 0.0, 0.0, 0.0, 0.0, 3.40227508294169e-06
1492028616522686380,108165,1492028616,492614031,-0.127290952785,0.718247628546,0.0,0.0,0.0,0.866079143045,0.499906909316,312.24577393832726, 4.089945602070502, 0.0, 0.0, 0.0, -134.7070218065901, 4.0899456020737475, 207.61113469423347, 0.0, 0.0, 0.0, -10.329577868564387, 0.0, 0.0, 9.983270176919612e-07, 2.0973759493142125e-20, -2.5991051996164293e-20, 0.0, 0.0, 0.0, 2.0973759493142137e-20, 9.96665166662926e-07, 3.255844756297385e-31, 0.0, 0.0, 0.0, -2.5991051996164302e-20, 3.265293850087035e-31, 9.96665166662926e-07, 0.0, -134.70702180658344, -10.32957786856421, 0.0, 0.0, 0.0, 216.33020015562235,0.000100814176109,-1.18354404905e-06,0.0,0.0,0.0,1.52906867819e-291,3.331424828857789e-06, 0.0, 0.0, 0.0, 0.0, 0.0, 0.0, 3.331424828857789e-06, 0.0, 0.0, 0.0, 0.0, 0.0, 0.0, 9.974947094281128e-07, -7.826830081109122e-29, -1.2577145448918468e-29, 0.0, 0.0, 0.0, -7.826830081109123e-29, 9.901263510997276e-07, -2.3849557931255298e-33, 0.0, 0.0, 0.0, -1.2577145448918473e-29, 2.3849557931256174e-33, 9.901263510997276e-07, 0.0, 0.0, 0.0, 0.0, 0.0, 0.0, 3.320335812871282e-06
1492028616562710780,108166,1492028616,532727957,-0.127297327395,0.718258955153,0.0,0.0,0.0,0.866079143045,0.499906909316,312.25056971620256, 4.0908582358076035, 0.0, 0.0, 0.0, -134.7092621197752, 4.0908582358108525, 207.61326398048985, 0.0, 0.0, 0.0, -10.330871690960974, 0.0, 0.0, 9.983325247945398e-07, 8.78860199786671e-20, -2.4927070789847625e-17, 0.0, 0.0, 0.0, 8.788601997866708e-20, 9.966761079683983e-07, 1.3138787849323889e-27, 0.0, 0.0, 0.0, -2.4927070789847616e-17, 1.3137361156532273e-27, 9.966761079683981e-07, 0.0, -134.70926211976854, -10.330871690960796, 0.0, 0.0, 0.0, 216.33260699254782,0.000429483220362,-1.59447819128e-06,0.0,0.0,0.0,1.11813579012e-298,3.3424662595511883e-06, 0.0, 0.0, 0.0, 0.0, 0.0, 0.0, 3.3424662595511883e-06, 0.0, 0.0, 0.0, 0.0, 0.0, 0.0, 9.97502942656672e-07, -5.160947608731272e-26, 2.956937525346336e-26, 0.0, 0.0, 0.0, -5.1609476087312706e-26, 9.901583275604607e-07, 1.4254045267660453e-33, 0.0, 0.0, 0.0, 2.9569375253463345e-26, 4.165058204588087e-33, 9.901583275604607e-07, 0.0, 0.0, 0.0, 0.0, 0.0, 0.0, 3.3313401504650418e-06
1492028616602741269,108167,1492028616,572875977,-0.127303612995,0.718269530034,0.0,0.0,0.0,0.866079143045,0.499906909316,312.2557194319221, 4.0918862854360105, 0.0, 0.0, 0.0, -134.7117852413026, 4.0918862854392595, 207.61541061556926, 0.0, 0.0, 0.0, -10.332329138672506, 0.0, 0.0, 9.983395353937297e-07, 4.669525906207402e-20, -1.2629928334354812e-17, 0.0, 0.0, 0.0, 4.669525906207402e-20, 9.966900366642881e-07, 3.5510560528126096e-28, 0.0, 0.0, 0.0, -1.2629928334354804e-17, 3.5524693242799252e-28, 9.966900366642881e-07, 0.0, -134.71178524129596, -10.332329138672328, 0.0, 0.0, 0.0, 216.3350158751089,0.000211018761949,-2.27486504099e-08,0.0,0.0,0.0,8.17906856616e-306,3.356627129245842e-06, 0.0, 0.0, 0.0, 0.0, 0.0, 0.0, 3.356627129245842e-06, 0.0, 0.0, 0.0, 0.0, 0.0, 0.0, 9.975134237586381e-07, -2.615764656302797e-26, 1.4980929991653528e-26, 0.0, 0.0, 0.0, -2.615764656302797e-26, 9.901990373603046e-07, -2.0386260358712227e-35, 0.0, 0.0, 0.0, 1.4980929991653522e-26, 2.038627654147617e-35, 9.901990373603046e-07, 0.0, 0.0, 0.0, 0.0, 0.0, 0.0, 3.3454529259677315e-06
1492028616642681426,108168,1492028616,572875977,-0.127303612995,0.718269530034,0.0,0.0,0.0,0.866079143045,0.499906909316,312.2557194319221, 4.0918862854360105, 0.0, 0.0, 0.0, -134.7117852413026, 4.0918862854392595, 207.61541061556926, 0.0, 0.0, 0.0, -10.332329138672506, 0.0, 0.0, 9.983395353937297e-07, 4.669525906207402e-20, -1.2629928334354812e-17, 0.0, 0.0, 0.0, 4.669525906207402e-20, 9.966900366642881e-07, 3.5510560528126096e-28, 0.0, 0.0, 0.0, -1.2629928334354804e-17, 3.5524693242799252e-28, 9.966900366642881e-07, 0.0, -134.71178524129596, -10.332329138672328, 0.0, 0.0, 0.0, 216.3350158751089,0.000211018761949,-2.27486504099e-08,0.0,0.0,0.0,8.17906856616e-306,3.356627129245842e-06, 0.0, 0.0, 0.0, 0.0, 0.0, 0.0, 3.356627129245842e-06, 0.0, 0.0, 0.0, 0.0, 0.0, 0.0, 9.975134237586381e-07, -2.615764656302797e-26, 1.4980929991653528e-26, 0.0, 0.0, 0.0, -2.615764656302797e-26, 9.901990373603046e-07, -2.0386260358712227e-35, 0.0, 0.0, 0.0, 1.4980929991653522e-26, 2.038627654147617e-35, 9.901990373603046e-07, 0.0, 0.0, 0.0, 0.0, 0.0, 0.0, 3.3454529259677315e-06
1492028616682673646,108169,1492028616,613056898,-0.127308180049,0.718277424893,0.0,0.0,0.0,0.866079143045,0.499906909316,312.25987629468153, 4.092588926092544, 0.0, 0.0, 0.0, -134.71350981755356, 4.092588926095795, 207.61751483976383, 0.0, 0.0, 0.0, -10.333325234315566, 0.0, 0.0, 9.98309172690702e-07, 2.0221822939489933e-20, -1.317455000902904e-17, 0.0, 0.0, 0.0, 2.022182293948994e-20, 9.966297159827122e-07, 1.575633982011686e-28, 0.0, 0.0, 0.0, -1.3174550009029047e-17, 1.5756447551823125e-28, 9.966297159827122e-07, 0.0, -134.7135098175469, -10.333325234315389, 0.0, 0.0, 0.0, 216.33742673178588,0.000255759067323,-2.48594655561e-07,0.0,0.0,0.0,5.9802394099e-313,3.29617225634977e-06, 0.0, 0.0, 0.0, 0.0, 0.0, 0.0, 3.29617225634977e-06, 0.0, 0.0, 0.0, 0.0, 0.0, 0.0, 9.97468031872251e-07, -2.725444367686589e-26, 1.568742762127294e-26, 0.0, 0.0, 0.0, -2.725444367686588e-26, 9.900228078335373e-07, -2.4539922961989787e-33, 0.0, 0.0, 0.0, 1.5687427621272933e-26, 2.453992296199004e-33, 9.900228078335373e-07, 0.0, 0.0, 0.0, 0.0, 0.0, 0.0, 3.2852188700084178e-06
1492028616722683744,108170,1492028616,652898073,-0.127310622091,0.718281324949,0.0,0.0,0.0,0.866079143045,0.499906909316,312.2632574295639, 4.093044238964433, 0.0, 0.0, 0.0, -134.71462515946806, 4.093044238967686, 207.61956860225547, 0.0, 0.0, 0.0, -10.333970867653308, 0.0, 0.0, 9.983216353735278e-07, -3.483984659233817e-20, -1.5563078596051065e-18, 0.0, 0.0, 0.0, -3.483984659233817e-20, 9.966544739763948e-07, -3.2378655984134213e-29, 0.0, 0.0, 0.0, -1.556307859605107e-18, -3.2233946422937817e-29, 9.966544739763948e-07, 0.0, -134.7146251594614, -10.33397086765313, 0.0, 0.0, 0.0, 216.33981720363244,-1.35305806583e-05,-8.02998186613e-07,0.0,0.0,0.0,4.37445722828e-320,3.320713749899632e-06, 0.0, 0.0, 0.0, 0.0, 0.0, 0.0, 3.320713749899632e-06, 0.0, 0.0, 0.0, 0.0, 0.0, 0.0, 9.974866629897246e-07, -3.1745230186549147e-27, 1.9297202939864495e-27, 0.0, 0.0, 0.0, -3.1745230186549165e-27, 9.900951181667017e-07, -1.0362582282579728e-33, 0.0, 0.0, 0.0, 1.929720293986451e-27, 1.0362582282579095e-33, 9.900951181667017e-07, 0.0, 0.0, 0.0, 0.0, 0.0, 0.0, 3.3096662723476663e-06
1492028616722715077,108171,1492028616,693509102,-0.127311329302,0.718282666873,0.0,0.0,0.0,0.866079143045,0.499906909316,312.2655113192094, 4.0931185168987385, 0.0, 0.0, 0.0, -134.71480447079546, 4.093118516901994, 207.62160926157102, 0.0, 0.0, 0.0, -10.334076397493137, 0.0, 0.0, 9.984346820804186e-07, 2.514357589689555e-20, -5.268851209263898e-18, 0.0, 0.0, 0.0, 2.5143575896895548e-20, 9.968791108754979e-07, 8.469584477380863e-29, 0.0, 0.0, 0.0, -5.2688512092638985e-18, 8.457041858618041e-29, 9.968791108754979e-07, 0.0, -134.7148044707888, -10.334076397492959, 0.0, 0.0, 0.0, 216.3422538667518,0.0001781311696,-5.31679778614e-07,0.0,0.0,0.0,0.0,3.561309442483058e-06, 0.0, 0.0, 0.0, 0.0, 0.0, 0.0, 3.561309442483058e-06, 0.0, 0.0, 0.0, 0.0, 0.0, 0.0, 9.976556853378462e-07, -1.0930299836089016e-26, 6.244364259449419e-27, 0.0, 0.0, 0.0, -1.0930299836089026e-26, 9.907520252436853e-07, -1.2261608542005287e-33, 0.0, 0.0, 0.0, 6.244364259449419e-27, 1.2261608542005181e-33, 9.907520252436853e-07, 0.0, 0.0, 0.0, 0.0, 0.0, 0.0, 3.549411106546248e-06
1492028616762677376,108172,1492028616,732955933,-0.12731631068,0.718291297788,0.0,0.0,0.0,0.866079143045,0.499906909316,312.26979028900064, 4.093874355919961, 0.0, 0.0, 0.0, -134.71665658613412, 4.093874355923214, 207.6236840200906, 0.0, 0.0, 0.0, -10.335148133952774, 0.0, 0.0, 9.983083541815955e-07, 8.162586604255748e-21, -1.5890881203887952e-17, 0.0, 0.0, 0.0, 8.16258660425575e-21, 9.96628088916892e-07, 7.667679007905273e-29, 0.0, 0.0, 0.0, -1.5890881203887952e-17, 7.667740396922251e-29, 9.96628088916892e-07, 0.0, -134.71665658612747, -10.335148133952597, 0.0, 0.0, 0.0, 216.34462067792583,0.000256515263142,-2.51670401304e-07,0.0,0.0,0.0,0.0,3.2945495675923186e-06, 0.0, 0.0, 0.0, 0.0, 0.0, 0.0, 3.2945495675923186e-06, 0.0, 0.0, 0.0, 0.0, 0.0, 0.0, 9.974668079157614e-07, -3.2827120384245916e-26, 1.893967181072529e-26, 0.0, 0.0, 0.0, -3.2827120384245904e-26, 9.900180233305026e-07, -3.249477942399751e-34, 0.0, 0.0, 0.0, 1.8939671810725287e-26, 3.249477942399831e-34, 9.900180233305026e-07, 0.0, 0.0, 0.0, 0.0, 0.0, 0.0, 3.2835894895772297e-06
1492028616785576752,108173,1492028616,773067951,-0.127319814145,0.718297119107,0.0,0.0,0.0,0.866079143045,0.499906909316,312.27362635861573, 4.094475126716526, 0.0, 0.0, 0.0, -134.71812635889756, 4.094475126719786, 207.62577105518767, 0.0, 0.0, 0.0, -10.336000162236267, 0.0, 0.0, 9.983323656545555e-07, -4.3149034066299326e-20, -7.456649337955258e-18, 0.0, 0.0, 0.0, -4.314903406629933e-20, 9.966757916493067e-07, -1.9286496583952644e-28, 0.0, 0.0, 0.0, -7.456649337955256e-18, -1.930078156746203e-28, 9.966757916493067e-07, 0.0, -134.7181263588909, -10.33600016223609, 0.0, 0.0, 0.0, 216.34702740040734,6.19609076053e-05,-9.79680644572e-07,0.0,0.0,0.0,0.0,3.342143089252096e-06, 0.0, 0.0, 0.0, 0.0, 0.0, 0.0, 3.342143089252096e-06, 0.0, 0.0, 0.0, 0.0, 0.0, 0.0, 9.975027046931777e-07, -1.5353838665427792e-26, 8.987822766133114e-27, 0.0, 0.0, 0.0, -1.5353838665427792e-26, 9.901573987531644e-07, 6.773634680866652e-36, 0.0, 0.0, 0.0, 8.987822766133107e-27, -6.773634680779071e-36, 9.901573987531644e-07, 0.0, 0.0, 0.0, 0.0, 0.0, 0.0, 3.331016381636433e-06
1492028616822682229,108174,1492028616,773067951,-0.127319814145,0.718297119107,0.0,0.0,0.0,0.866079143045,0.499906909316,312.27362635861573, 4.094475126716526, 0.0, 0.0, 0.0, -134.71812635889756, 4.094475126719786, 207.62577105518767, 0.0, 0.0, 0.0, -10.336000162236267, 0.0, 0.0, 9.983323656545555e-07, -4.3149034066299326e-20, -7.456649337955258e-18, 0.0, 0.0, 0.0, -4.314903406629933e-20, 9.966757916493067e-07, -1.9286496583952644e-28, 0.0, 0.0, 0.0, -7.456649337955256e-18, -1.930078156746203e-28, 9.966757916493067e-07, 0.0, -134.7181263588909, -10.33600016223609, 0.0, 0.0, 0.0, 216.34702740040734,6.19609076053e-05,-9.79680644572e-07,0.0,0.0,0.0,0.0,3.342143089252096e-06, 0.0, 0.0, 0.0, 0.0, 0.0, 0.0, 3.342143089252096e-06, 0.0, 0.0, 0.0, 0.0, 0.0, 0.0, 9.975027046931777e-07, -1.5353838665427792e-26, 8.987822766133114e-27, 0.0, 0.0, 0.0, -1.5353838665427792e-26, 9.901573987531644e-07, 6.773634680866652e-36, 0.0, 0.0, 0.0, 8.987822766133107e-27, -6.773634680779071e-36, 9.901573987531644e-07, 0.0, 0.0, 0.0, 0.0, 0.0, 0.0, 3.331016381636433e-06
1492028616862722719,108175,1492028616,813045979,-0.127318425393,0.718294362462,0.0,0.0,0.0,0.866079143045,0.499906909316,312.275269776389, 4.094360070435404, 0.0, 0.0, 0.0, -134.71784089537087, 4.094360070438663, 207.6277544197208, 0.0, 0.0, 0.0, -10.33583728994306, 0.0, 0.0, 9.982839783305802e-07, 5.299458717231537e-20, 8.546730646703568e-18, 0.0, 0.0, 0.0, 5.299458717231538e-20, 9.965796676474889e-07, -2.6394132617770236e-28, 0.0, 0.0, 0.0, 8.546730646703566e-18, -2.639429331254997e-28, 9.965796676474889e-07, 0.0, -134.71784089536422, -10.335837289942882, 0.0, 0.0, 0.0, 216.34942608341382,-0.000258234727134,2.72178032036e-07,0.0,0.0,0.0,0.0,3.2476108664208257e-06, 0.0, 0.0, 0.0, 0.0, 0.0, 0.0, 3.2476108664208257e-06, 0.0, 0.0, 0.0, 0.0, 0.0, 0.0, 9.97430368375905e-07, 1.7589608070068102e-26, -1.0306385994892138e-26, 0.0, 0.0, 0.0, 1.75896080700681e-26, 9.89876623079768e-07, -1.727113682693979e-33, 0.0, 0.0, 0.0, -1.0306385994892134e-26, 1.727113682693804e-33, 9.89876623079768e-07, 0.0, 0.0, 0.0, 0.0, 0.0, 0.0, 3.2368229978884443e-06
1492028616902761039,108176,1492028616,853229046,-0.127312686976,0.718284337671,0.0,0.0,0.0,0.866079143045,0.499906909316,312.27460247215384, 4.0934897596135436, 0.0, 0.0, 0.0, -134.71569172645036, 4.0934897596168005, 207.62964581439968, 0.0, 0.0, 0.0, -10.33460448168741, 0.0, 0.0, 9.983413475223904e-07, 7.358120628868079e-20, 1.7182690968804425e-17, 0.0, 0.0, 0.0, 7.358120628868079e-20, 9.966936359241615e-07, -7.6232952301131405e-28, 0.0, 0.0, 0.0, 1.7182690968804425e-17, -7.621890625330575e-28, 9.966936359241615e-07, 0.0, -134.7156917264437, -10.334604481687233, 0.0, 0.0, 0.0, 216.35183706882083,-0.00023795726118,1.05562296725e-06,0.0,0.0,0.0,0.0,3.3602823751317597e-06, 0.0, 0.0, 0.0, 0.0, 0.0, 0.0, 3.3602823751317597e-06, 0.0, 0.0, 0.0, 0.0, 0.0, 0.0, 9.975161326193533e-07, 3.539124470936746e-26, -2.0645904771930382e-26, 0.0, 0.0, 0.0, 3.5391244709367446e-26, 9.902095228682654e-07, -2.2149858514953786e-34, 0.0, 0.0, 0.0, -2.0645904771930382e-26, 2.2149858514945028e-34, 9.902095228682654e-07, 0.0, 0.0, 0.0, 0.0, 0.0, 0.0, 3.3490822539302113e-06
1492028616942768603,108177,1492028616,893218994,-0.12730977575,0.718279436146,0.0,0.0,0.0,0.866079143045,0.499906909316,312.27515811714926, 4.093014606432643, 0.0, 0.0, 0.0, -134.7145322923514, 4.093014606435902, 207.63158093414282, 0.0, 0.0, 0.0, -10.333930328027558, 0.0, 0.0, 9.983217962936256e-07, -9.068458076310874e-20, 5.1955358837890505e-18, 0.0, 0.0, 0.0, -9.068458076310876e-20, 9.966547921995246e-07, 2.8074975939672035e-28, 0.0, 0.0, 0.0, 5.195535883789052e-18, 2.807489107838386e-28, 9.966547921995246e-07, 0.0, -134.71453229234476, -10.33393032802738, 0.0, 0.0, 0.0, 216.35423646708122,-7.49050414728e-05,1.46289020869e-06,0.0,0.0,0.0,0.0,3.3210027148627542e-06, 0.0, 0.0, 0.0, 0.0, 0.0, 0.0, 3.3210027148627542e-06, 0.0, 0.0, 0.0, 0.0, 0.0, 0.0, 9.97486903100285e-07, 1.0830750706269363e-26, -6.0066422068342e-27, 0.0, 0.0, 0.0, 1.0830750706269366e-26, 9.90096003315012e-07, 5.993538182267318e-34, 0.0, 0.0, 0.0, -6.006642206834202e-27, -5.993538182267295e-34, 9.90096003315012e-07, 0.0, 0.0, 0.0, 0.0, 0.0, 0.0, 3.3099374739309e-06
1492028616982689381,108178,1492028616,933300018,-0.127308220935,0.71827668383,0.0,0.0,0.0,0.866079143045,0.499906909316,312.2764544833266, 4.092786460227244, 0.0, 0.0, 0.0, -134.7139639900646, 4.092786460230504, 207.63355417363945, 0.0, 0.0, 0.0, -10.333607512131614, 0.0, 0.0, 9.983328826720047e-07, 1.5365467240826174e-20, 3.762743425823051e-18, 0.0, 0.0, 0.0, 1.5365467240826177e-20, 9.966768188625215e-07, -3.4680623750163056e-29, 0.0, 0.0, 0.0, 3.762743425823052e-18, -3.468043115716862e-29, 9.966768188625215e-07, 0.0, -134.71396399005795, -10.333607512131437, 0.0, 0.0, 0.0, 216.3566413298967,-6.08913011715e-05,9.75192453674e-07,0.0,0.0,0.0,0.0,3.343183454234075e-06, 0.0, 0.0, 0.0, 0.0, 0.0, 0.0, 3.343183454234075e-06, 0.0, 0.0, 0.0, 0.0, 0.0, 0.0, 9.975034776523456e-07, 7.755633780043552e-27, -4.52228186510245e-27, 0.0, 0.0, 0.0, 7.755633780043554e-27, 9.901604012853382e-07, 2.2149208933564077e-33, 0.0, 0.0, 0.0, -4.5222818651024476e-27, -2.2149208933564296e-33, 9.901604012853382e-07, 0.0, 0.0, 0.0, 0.0, 0.0, 0.0, 3.3320533748221966e-06
1492028617022705044,108179,1492028616,973927975,-0.127307484615,0.718275382432,0.0,0.0,0.0,0.866079143045,0.499906909316,312.2781407982355, 4.092675924482961, 0.0, 0.0, 0.0, -134.71368685826704, 4.092675924486223, 207.63557067091173, 0.0, 0.0, 0.0, -10.333451244070497, 0.0, 0.0, 9.983847323872954e-07, -1.0640489728492157e-20, 1.1570733114707825e-18, 0.0, 0.0, 0.0, -1.0640489728492159e-20, 9.967798419627353e-07, 7.622433496833651e-30, 0.0, 0.0, 0.0, 1.1570733114707829e-18, 7.622234885308136e-30, 9.967798419627353e-07, 0.0, -134.7136868582604, -10.33345124407032, 0.0, 0.0, 0.0, 216.3590790086937,-1.93756227589e-05,7.29736365503e-07,0.0,0.0,0.0,0.0,3.450835045121714e-06, 0.0, 0.0, 0.0, 0.0, 0.0, 0.0, 3.450835045121714e-06, 0.0, 0.0, 0.0, 0.0, 0.0, 0.0, 9.97580997910783e-07, 2.4039310985130894e-27, -1.359274525098287e-27, 0.0, 0.0, 0.0, 2.403931098513089e-27, 9.90461570538922e-07, 6.498283140323913e-35, 0.0, 0.0, 0.0, -1.3592745250982868e-27, -6.49828314032446e-35, 9.90461570538922e-07, 0.0, 0.0, 0.0, 0.0, 0.0, 0.0, 3.439319984704339e-06
1492028617022733067,108180,1492028616,973927975,-0.127307484615,0.718275382432,0.0,0.0,0.0,0.866079143045,0.499906909316,312.2781407982355, 4.092675924482961, 0.0, 0.0, 0.0, -134.71368685826704, 4.092675924486223, 207.63557067091173, 0.0, 0.0, 0.0, -10.333451244070497, 0.0, 0.0, 9.983847323872954e-07, -1.0640489728492157e-20, 1.1570733114707825e-18, 0.0, 0.0, 0.0, -1.0640489728492159e-20, 9.967798419627353e-07, 7.622433496833651e-30, 0.0, 0.0, 0.0, 1.1570733114707829e-18, 7.622234885308136e-30, 9.967798419627353e-07, 0.0, -134.7136868582604, -10.33345124407032, 0.0, 0.0, 0.0, 216.3590790086937,-1.93756227589e-05,7.29736365503e-07,0.0,0.0,0.0,0.0,3.450835045121714e-06, 0.0, 0.0, 0.0, 0.0, 0.0, 0.0, 3.450835045121714e-06, 0.0, 0.0, 0.0, 0.0, 0.0, 0.0, 9.97580997910783e-07, 2.4039310985130894e-27, -1.359274525098287e-27, 0.0, 0.0, 0.0, 2.403931098513089e-27, 9.90461570538922e-07, 6.498283140323913e-35, 0.0, 0.0, 0.0, -1.3592745250982868e-27, -6.49828314032446e-35, 9.90461570538922e-07, 0.0, 0.0, 0.0, 0.0, 0.0, 0.0, 3.439319984704339e-06
1492028617062736384,108181,1492028617,13430119,-0.127307262802,0.71827498675,0.0,0.0,0.0,0.866079143045,0.499906909316,312.28004354862435, 4.092651917453957, 0.0, 0.0, 0.0, -134.71362873335613, 4.092651917457224, 207.63754254572186, 0.0, 0.0, 0.0, -10.33341714565075, 0.0, 0.0, 9.982790355743941e-07, -5.18472120216518e-20, 8.64769575260649e-20, 0.0, 0.0, 0.0, -5.1847212021651816e-20, 9.965698497672542e-07, 2.6815685580675675e-30, 0.0, 0.0, 0.0, 8.647695752606491e-20, 2.5287520355115165e-30, 9.965698497672542e-07, 0.0, -134.71362873334948, -10.333417145650573, 0.0, 0.0, 0.0, 216.36144913865564,-6.75663273572e-06,2.48777591809e-07,0.0,0.0,0.0,0.0,3.238256400814218e-06, 0.0, 0.0, 0.0, 0.0, 0.0, 0.0, 3.238256400814218e-06, 0.0, 0.0, 0.0, 0.0, 0.0, 0.0, 9.974229796671903e-07, 2.405220887837169e-28, 3.886156590724812e-30, 0.0, 0.0, 0.0, 2.40522088783717e-28, 9.89847961096286e-07, 1.89524557508636e-33, 0.0, 0.0, 0.0, 3.8861565907248035e-30, -1.8952455750863163e-33, 9.89847961096286e-07, 0.0, 0.0, 0.0, 0.0, 0.0, 0.0, 3.2275035328283844e-06
1492028617085628052,108182,1492028617,53616047,-0.127307626723,0.71827565886,0.0,0.0,0.0,0.866079143045,0.499906909316,312.2821541414367, 4.092686238444409, 0.0, 0.0, 0.0, -134.71371005847723, 4.092686238447668, 207.63955653748252, 0.0, 0.0, 0.0, -10.333466030295869, 0.0, 0.0, 9.98360756102816e-07, 5.6893621350560634e-21, -2.1308578546539417e-18, 0.0, 0.0, 0.0, 5.689362135056063e-21, 9.967321996801066e-07, 7.396305247238285e-30, 0.0, 0.0, 0.0, -2.130857854653941e-18, 7.395318208141786e-30, 9.967321996801066e-07, 0.0, -134.71371005847058, -10.33346603029569, 0.0, 0.0, 0.0, 216.36386029571827,0.00011362499345,8.86137258808e-07,0.0,0.0,0.0,0.0,3.400212366050657e-06, 0.0, 0.0, 0.0, 0.0, 0.0, 0.0, 3.400212366050657e-06, 0.0, 0.0, 0.0, 0.0, 0.0, 0.0, 9.97545150144676e-07, -4.410358785652599e-27, 2.531914542172793e-27, 0.0, 0.0, 0.0, -4.4103587856526e-27, 9.9032227217858e-07, -3.5288831095259884e-35, 0.0, 0.0, 0.0, 2.5319145421727924e-27, 3.5288831095303674e-35, 9.9032227217858e-07, 0.0, 0.0, 0.0, 0.0, 0.0, 0.0, 3.388880592060083e-06
1492028617126692667,108183,1492028617,93538046,-0.127313031696,0.718285170302,0.0,0.0,0.0,0.866079143045,0.499906909316,312.28647793722257, 4.09345041721174, 0.0, 0.0, 0.0, -134.71557929265612, 4.093450417214998, 207.64165620673455, 0.0, 0.0, 0.0, -10.334549987259923, 0.0, 0.0, 9.983288972469213e-07, 5.475123102026284e-20, -2.062116762159215e-17, 0.0, 0.0, 0.0, 5.475123102026287e-20, 9.966689000819847e-07, 6.7569381539367675e-28, 0.0, 0.0, 0.0, -2.0621167621592144e-17, 6.755504058351928e-28, 9.966689000819847e-07, 0.0, -134.71557929264947, -10.334549987259745, 0.0, 0.0, 0.0, 216.36625561701763,0.000382343997388,-1.13813499925e-06,0.0,0.0,0.0,0.0,3.3351686209184827e-06, 0.0, 0.0, 0.0, 0.0, 0.0, 0.0, 3.3351686209184827e-06, 0.0, 0.0, 0.0, 0.0, 0.0, 0.0, 9.974975191438605e-07, -4.264069559268728e-26, 2.4480090536739592e-26, 0.0, 0.0, 0.0, -4.264069559268727e-26, 9.901372381223595e-07, -9.593859699977445e-35, 0.0, 0.0, 0.0, 2.4480090536739595e-26, 1.901497919862808e-33, 9.901372381223595e-07, 0.0, 0.0, 0.0, 0.0, 0.0, 0.0, 3.3240580031641227e-06
1492028617166664866,108184,1492028617,133560896,-0.127318924369,0.718295275556,0.0,0.0,0.0,0.866079143045,0.499906909316,312.2914020981305, 4.094403209826208, 0.0, 0.0, 0.0, -134.7179265851509, 4.094403209829464, 207.6437863641742, 0.0, 0.0, 0.0, -10.335900176504866, 0.0, 0.0, 9.983296959151205e-07, -2.5253140011513623e-20, -1.2746372101417129e-17, 0.0, 0.0, 0.0, -2.525314001151362e-20, 9.966704873255259e-07, -1.9278269251971465e-28, 0.0, 0.0, 0.0, -1.274637210141713e-17, -1.9263912046089166e-28, 9.966704873255259e-07, 0.0, -134.71792658514426, -10.335900176504689, 0.0, 0.0, 0.0, 216.36865698938178,0.000245985082766,-4.63792953906e-09,0.0,0.0,0.0,0.0,3.3367789814869803e-06, 0.0, 0.0, 0.0, 0.0, 0.0, 0.0, 3.3367789814869803e-06, 0.0, 0.0, 0.0, 0.0, 0.0, 0.0, 9.974987133193683e-07, -2.6297842631158305e-26, 1.5260165644527945e-26, 0.0, 0.0, 0.0, -2.62978426311583e-26, 9.901418915073563e-07, -7.785796487334442e-34, 0.0, 0.0, 0.0, 1.5260165644527945e-26, 7.785796487367723e-34, 9.901418915073563e-07, 0.0, 0.0, 0.0, 0.0, 0.0, 0.0, 3.3256684482469335e-06
1492028617206730067,108185,1492028617,173986912,-0.127329605337,0.718314173609,0.0,0.0,0.0,0.866079143045,0.499906909316,312.29780652055524, 4.095842375584806, 0.0, 0.0, 0.0, -134.72144637302216, 4.09584237558806, 207.64600273850306, 0.0, 0.0, 0.0, -10.337941513276775, 0.0, 0.0, 9.982341278636916e-07, 6.047697809808875e-20, -4.0164965245012125e-17, 0.0, 0.0, 0.0, 6.047697809808873e-20, 9.964806572211388e-07, 1.3755550423238752e-27, 0.0, 0.0, 0.0, -4.016496524501212e-17, 1.3755572631618423e-27, 9.964806572211388e-07, 0.0, -134.7214463730155, -10.337941513276597, 0.0, 0.0, 0.0, 216.37108255175505,0.000958036618518,2.06489282583e-07,0.0,0.0,0.0,0.0,3.155656630256626e-06, 0.0, 0.0, 0.0, 0.0, 0.0, 0.0, 3.155656630256626e-06, 0.0, 0.0, 0.0, 0.0, 0.0, 0.0, 9.97355852301727e-07, -8.305798786766599e-26, 4.7810721782675475e-26, 0.0, 0.0, 0.0, -8.305798786766598e-26, 9.89587663079599e-07, 2.2628783201909085e-33, 0.0, 0.0, 0.0, 4.7810721782675475e-26, 5.9770908237874654e-33, 9.89587663079599e-07, 0.0, 0.0, 0.0, 0.0, 0.0, 0.0, 3.145207806592894e-06
1492028617246721078,108186,1492028617,173986912,-0.127329605337,0.718314173609,0.0,0.0,0.0,0.866079143045,0.499906909316,312.29780652055524, 4.095842375584806, 0.0, 0.0, 0.0, -134.72144637302216, 4.09584237558806, 207.64600273850306, 0.0, 0.0, 0.0, -10.337941513276775, 0.0, 0.0, 9.982341278636916e-07, 6.047697809808875e-20, -4.0164965245012125e-17, 0.0, 0.0, 0.0, 6.047697809808873e-20, 9.964806572211388e-07, 1.3755550423238752e-27, 0.0, 0.0, 0.0, -4.016496524501212e-17, 1.3755572631618423e-27, 9.964806572211388e-07, 0.0, -134.7214463730155, -10.337941513276597, 0.0, 0.0, 0.0, 216.37108255175505,0.000958036618518,2.06489282583e-07,0.0,0.0,0.0,0.0,3.155656630256626e-06, 0.0, 0.0, 0.0, 0.0, 0.0, 0.0, 3.155656630256626e-06, 0.0, 0.0, 0.0, 0.0, 0.0, 0.0, 9.97355852301727e-07, -8.305798786766599e-26, 4.7810721782675475e-26, 0.0, 0.0, 0.0, -8.305798786766598e-26, 9.89587663079599e-07, 2.2628783201909085e-33, 0.0, 0.0, 0.0, 4.7810721782675475e-26, 5.9770908237874654e-33, 9.89587663079599e-07, 0.0, 0.0, 0.0, 0.0, 0.0, 0.0, 3.145207806592894e-06
1492028617286719305,108187,1492028617,213762999,-0.127346976481,0.718343989774,0.0,0.0,0.0,0.866079143045,0.499906909316,312.30825150114777, 4.098609178273062, 0.0, 0.0, 0.0, -134.72823678225382, 4.098609178276323, 207.6483664537021, 0.0, 0.0, 0.0, -10.3418639245574, 0.0, 0.0, 9.983173935847163e-07, -6.394911479405954e-20, -4.2275198713524534e-17, 0.0, 0.0, 0.0, -6.394911479405956e-20, 9.96646047036166e-07, -1.6066369402180137e-27, 0.0, 0.0, 0.0, -4.227519871352454e-17, -1.6067841655252e-27, 9.966460470361657e-07, 0.0, -134.72823678224717, -10.341863924557222, 0.0, 0.0, 0.0, 216.37346911828658,0.000628057307151,-9.20185724882e-07,0.0,0.0,0.0,0.0,3.3123157613194965e-06, 0.0, 0.0, 0.0, 0.0, 0.0, 0.0, 3.3123157613194965e-06, 0.0, 0.0, 0.0, 0.0, 0.0, 0.0, 9.974803216052693e-07, -8.727005793522132e-26, 5.0586610941757445e-26, 0.0, 0.0, 0.0, -8.727005793522129e-26, 9.900704983339122e-07, 4.6038626071738956e-33, 0.0, 0.0, 0.0, 5.058661094175744e-26, 4.201978907745632e-33, 9.900704983339122e-07, 0.0, 0.0, 0.0, 0.0, 0.0, 0.0, 3.3012981543404106e-06
1492028617286752817,108188,1492028617,254256964,-0.127355025255,0.7183576542,0.0,0.0,0.0,0.866079143045,0.499906909316,312.31447895899635, 4.099978647787315, 0.0, 0.0, 0.0, -134.73161154443653, 4.099978647790578, 207.65057667165007, 0.0, 0.0, 0.0, -10.343804200570661, 0.0, 0.0, 9.984106236275222e-07, -6.23192003957806e-20, -1.4976056100449654e-17, 0.0, 0.0, 0.0, -6.23192003957806e-20, 9.968312953185617e-07, -5.872088117878456e-28, 0.0, 0.0, 0.0, -1.4976056100449648e-17, -5.872089863252468e-28, 9.968312953185617e-07, 0.0, -134.73161154442988, -10.343804200570483, 0.0, 0.0, 0.0, 216.3758987575866,0.000197172673491,1.42454528853e-06,0.0,0.0,0.0,0.0,3.507235325440271e-06, 0.0, 0.0, 0.0, 0.0, 0.0, 0.0, 3.507235325440271e-06, 0.0, 0.0, 0.0, 0.0, 0.0, 0.0, 9.976197109809788e-07, -3.089704251277486e-26, 1.8019149506077967e-26, 0.0, 0.0, 0.0, -3.089704251277486e-26, 9.906120959020706e-07, 4.234151233955619e-35, 0.0, 0.0, 0.0, 1.8019149506077964e-26, -4.218288085303702e-35, 9.906120959020706e-07, 0.0, 0.0, 0.0, 0.0, 0.0, 0.0, 3.495526405746022e-06
1492028617326705491,108189,1492028617,294174910,-0.127357563676,0.718361913447,0.0,0.0,0.0,0.866079143045,0.499906909316,312.31781414273917, 4.100419408949177, 0.0, 0.0, 0.0, -134.732686954751, 4.100419408952443, 207.65263237966715, 0.0, 0.0, 0.0, -10.344429487348664, 0.0, 0.0, 9.983776471379304e-07, 5.268098661605263e-20, -4.948499210602649e-18, 0.0, 0.0, 0.0, 5.268098661605263e-20, 9.96765761383638e-07, 1.6068717231152964e-28, 0.0, 0.0, 0.0, -4.9484992106026504e-18, 1.6068812925797076e-28, 9.96765761383638e-07, 0.0, -134.73268695474434, -10.344429487348487, 0.0, 0.0, 0.0, 216.37829383569638,6.04225460758e-05,3.28811079307e-07,0.0,0.0,0.0,0.0,3.4356923803030988e-06, 0.0, 0.0, 0.0, 0.0, 0.0, 0.0, 3.4356923803030988e-06, 0.0, 0.0, 0.0, 0.0, 0.0, 0.0, 9.975704039240177e-07, -1.0278342723965194e-26, 5.7921220937270955e-27, 0.0, 0.0, 0.0, -1.0278342723965204e-26, 9.90420356351742e-07, -8.753352712005242e-34, 0.0, 0.0, 0.0, 5.792122093727098e-27, 8.753352712005898e-34, 9.90420356351742e-07, 0.0, 0.0, 0.0, 0.0, 0.0, 0.0, 3.4242171012579332e-06
1492028617352337404,108190,1492028617,333914042,-0.127358410839,0.718363371391,0.0,0.0,0.0,0.866079143045,0.499906909316,312.32023748910126, 4.100561023306772, 0.0, 0.0, 0.0, -134.73303735212426, 4.10056102331004, 207.65463853512776, 0.0, 0.0, 0.0, -10.344630015084379, 0.0, 0.0, 9.98249165157133e-07, -5.1654283726013987e-20, -1.737966419934751e-18, 0.0, 0.0, 0.0, -5.1654283726014e-20, 9.96510520824256e-07, -5.13541515951079e-29, 0.0, 0.0, 0.0, -1.7379664199347516e-18, -5.11948470960517e-29, 9.96510520824256e-07, 0.0, -134.7330373521176, -10.344630015084201, 0.0, 0.0, 0.0, 216.38067818497024,5.73656985974e-05,5.93219816153e-07,0.0,0.0,0.0,0.0,3.182829267973003e-06, 0.0, 0.0, 0.0, 0.0, 0.0, 0.0, 3.182829267973003e-06, 0.0, 0.0, 0.0, 0.0, 0.0, 0.0, 9.97378328949651e-07, -3.527397346029072e-27, 2.1798061137874236e-27, 0.0, 0.0, 0.0, -3.527397346029071e-27, 9.896747768013474e-07, 1.053062699856002e-33, 0.0, 0.0, 0.0, 2.1798061137874232e-27, -1.0530626998559143e-33, 9.896747768013474e-07, 0.0, 0.0, 0.0, 0.0, 0.0, 0.0, 3.172272863362584e-06
1492028617390727111,108191,1492028617,373946905,-0.127360158717,0.718366390082,0.0,0.0,0.0,0.866079143045,0.499906909316,312.3230680610527, 4.100833038140746, 0.0, 0.0, 0.0, -134.73370296065295, 4.100833038144009, 207.65667708837762, 0.0, 0.0, 0.0, -10.345015765248638, 0.0, 0.0, 9.98221503303819e-07, 3.7175545132671465e-20, -5.257044851549498e-18, 0.0, 0.0, 0.0, 3.7175545132671465e-20, 9.964555846727662e-07, 1.0988762835509456e-28, 0.0, 0.0, 0.0, -5.257044851549498e-18, 1.0988569038808802e-28, 9.964555846727662e-07, 0.0, -134.7337029606463, -10.34501576524846, 0.0, 0.0, 0.0, 216.38308015815343,8.01630211937e-05,-1.82453398452e-07,0.0,0.0,0.0,0.0,3.133157374416262e-06, 0.0, 0.0, 0.0, 0.0, 0.0, 0.0, 3.133157374416262e-06, 0.0, 0.0, 0.0, 0.0, 0.0, 0.0, 9.97336981942045e-07, -1.0896135847404207e-26, 6.191681580295948e-27, 0.0, 0.0, 0.0, -1.0896135847404207e-26, 9.895144820694495e-07, 4.18398794254235e-34, 0.0, 0.0, 0.0, 6.1916815802959486e-27, -4.18398794254235e-34, 9.895144820694495e-07, 0.0, 0.0, 0.0, 0.0, 0.0, 0.0, 3.122774979422534e-06
1492028617430734473,108192,1492028617,373946905,-0.127360158717,0.718366390082,0.0,0.0,0.0,0.866079143045,0.499906909316,312.3230680610527, 4.100833038140746, 0.0, 0.0, 0.0, -134.73370296065295, 4.100833038144009, 207.65667708837762, 0.0, 0.0, 0.0, -10.345015765248638, 0.0, 0.0, 9.98221503303819e-07, 3.7175545132671465e-20, -5.257044851549498e-18, 0.0, 0.0, 0.0, 3.7175545132671465e-20, 9.964555846727662e-07, 1.0988762835509456e-28, 0.0, 0.0, 0.0, -5.257044851549498e-18, 1.0988569038808802e-28, 9.964555846727662e-07, 0.0, -134.7337029606463, -10.34501576524846, 0.0, 0.0, 0.0, 216.38308015815343,8.01630211937e-05,-1.82453398452e-07,0.0,0.0,0.0,0.0,3.133157374416262e-06, 0.0, 0.0, 0.0, 0.0, 0.0, 0.0, 3.133157374416262e-06, 0.0, 0.0, 0.0, 0.0, 0.0, 0.0, 9.97336981942045e-07, -1.0896135847404207e-26, 6.191681580295948e-27, 0.0, 0.0, 0.0, -1.0896135847404207e-26, 9.895144820694495e-07, 4.18398794254235e-34, 0.0, 0.0, 0.0, 6.1916815802959486e-27, -4.18398794254235e-34, 9.895144820694495e-07, 0.0, 0.0, 0.0, 0.0, 0.0, 0.0, 3.122774979422534e-06
1492028617470711165,108193,1492028617,414081097,-0.127362348351,0.718370305589,0.0,0.0,0.0,0.866079143045,0.499906909316,312.3259959405553, 4.101131458876319, 0.0, 0.0, 0.0, -134.73444264339952, 4.101131458879581, 207.65872422040837, 0.0, 0.0, 0.0, -10.345438236972278, 0.0, 0.0, 9.983213129294182e-07, -2.984919732247864e-20, -8.715851153598713e-18, 0.0, 0.0, 0.0, -2.984919732247867e-20, 9.966538333116807e-07, -1.5490604821215171e-28, 0.0, 0.0, 0.0, -8.715851153598715e-18, -1.5505163647888523e-28, 9.966538333116807e-07, 0.0, -134.73444264339287, -10.3454382369721, 0.0, 0.0, 0.0, 216.38548821099835,0.000238863275832,-1.05545015253e-06,0.0,0.0,0.0,0.0,3.3200722057447966e-06, 0.0, 0.0, 0.0, 0.0, 0.0, 0.0, 3.3200722057447966e-06, 0.0, 0.0, 0.0, 0.0, 0.0, 0.0, 9.9748618091656e-07, -1.7971447006285954e-26, 1.0463217833581372e-26, 0.0, 0.0, 0.0, -1.797144700628596e-26, 9.900932440371097e-07, -2.0907948905739815e-34, 0.0, 0.0, 0.0, 1.0463217833581374e-26, 2.0907948905739815e-34, 9.900932440371097e-07, 0.0, 0.0, 0.0, 0.0, 0.0, 0.0, 3.309026093686941e-06
1492028617510766587,108194,1492028617,454763889,-0.127368466692,0.718380877852,0.0,0.0,0.0,0.866079143045,0.499906909316,312.3309172807632, 4.102076124711429, 0.0, 0.0, 0.0, -134.7367610552692, 4.1020761247146895, 207.6608864417086, 0.0, 0.0, 0.0, -10.346777351240977, 0.0, 0.0, 9.984259052293516e-07, 2.185902695094598e-20, -1.7290269882872343e-17, 0.0, 0.0, 0.0, 2.1859026950945982e-20, 9.96861664867391e-07, 2.4010547551816907e-28, 0.0, 0.0, 0.0, -1.7290269882872352e-17, 2.4010510838777342e-28, 9.968616648673912e-07, 0.0, -134.73676105526255, -10.3467773512408, 0.0, 0.0, 0.0, 216.38792917996446,0.0002457353289,-4.68178004037e-07,0.0,0.0,0.0,0.0,3.5413526162282493e-06, 0.0, 0.0, 0.0, 0.0, 0.0, 0.0, 3.5413526162282493e-06, 0.0, 0.0, 0.0, 0.0, 0.0, 0.0, 9.97642560664726e-07, -3.5736986411088364e-26, 2.058279246777665e-26, 0.0, 0.0, 0.0, -3.5736986411088376e-26, 9.907009125371134e-07, -6.181176610342935e-34, 0.0, 0.0, 0.0, 2.058279246777666e-26, 6.181176610343811e-34, 9.907009125371134e-07, 0.0, 0.0, 0.0, 0.0, 0.0, 0.0, 3.5295031082307056e-06
1492028617550701699,108195,1492028617,494183064,-0.127371814257,0.718386553767,0.0,0.0,0.0,0.866079143045,0.499906909316,312.3346295649998, 4.1026460538701475, 0.0, 0.0, 0.0, -134.73815932153212, 4.102646053873411, 207.66293469159262, 0.0, 0.0, 0.0, -10.347585278646903, 0.0, 0.0, 9.983314103286874e-07, -3.127287762572606e-20, -6.944006232613761e-18, 0.0, 0.0, 0.0, -3.127287762572606e-20, 9.966738936721558e-07, -1.3007343852843188e-28, 0.0, 0.0, 0.0, -6.944006232613758e-18, -1.3021726938409115e-28, 9.966738936721558e-07, 0.0, -134.73815932152547, -10.347585278646726, 0.0, 0.0, 0.0, 216.39029433173607,8.96629173537e-05,6.05014626005e-07,0.0,0.0,0.0,0.0,3.3402238186877853e-06, 0.0, 0.0, 0.0, 0.0, 0.0, 0.0, 3.3402238186877853e-06, 0.0, 0.0, 0.0, 0.0, 0.0, 0.0, 9.975012764698686e-07, -1.4308956196668546e-26, 8.351538082212584e-27, 0.0, 0.0, 0.0, -1.4308956196668538e-26, 9.901518529954826e-07, -8.24334391832119e-34, 0.0, 0.0, 0.0, 8.351538082212583e-27, 8.243343918320752e-34, 9.901518529954826e-07, 0.0, 0.0, 0.0, 0.0, 0.0, 0.0, 3.3291040862857705e-06
1492028617590716780,108196,1492028617,534493923,-0.127373354904,0.718389227946,0.0,0.0,0.0,0.866079143045,0.499906909316,312.33733120733325, 4.1028732710825775, 0.0, 0.0, 0.0, -134.73871024096312, 4.102873271085841, 207.66498111472572, 0.0, 0.0, 0.0, -10.34790788156386, 0.0, 0.0, 9.98278654293741e-07, -5.46542568189623e-21, -4.210902936788925e-18, 0.0, 0.0, 0.0, -5.46542568189623e-21, 9.965690930871787e-07, -1.3370365397326282e-29, 0.0, 0.0, 0.0, -4.210902936788924e-18, -1.3369348265574402e-29, 9.965690930871787e-07, 0.0, -134.73871024095646, -10.347907881563682, 0.0, 0.0, 0.0, 216.39271298471635,0.000153060246124,-1.70755945739e-06,0.0,0.0,0.0,0.0,3.2375514630627003e-06, 0.0, 0.0, 0.0, 0.0, 0.0, 0.0, 3.2375514630627003e-06, 0.0, 0.0, 0.0, 0.0, 0.0, 0.0, 9.974224099168501e-07, -8.695945751139884e-27, 5.038155822645763e-27, 0.0, 0.0, 0.0, -8.69594575113989e-27, 9.898457720628059e-07, -8.329529104481772e-34, 0.0, 0.0, 0.0, 5.0381558226457655e-27, 8.329529104480897e-34, 9.898457720628059e-07, 0.0, 0.0, 0.0, 0.0, 0.0, 0.0, 3.226809131923517e-06
1492028617590749970,108197,1492028617,574352980,-0.127379146335,0.718399409285,0.0,0.0,0.0,0.866079143045,0.499906909316,312.34185261260257, 4.103696210432362, 0.0, 0.0, 0.0, -134.7407405846141, 4.103696210435627, 207.66708558794122, 0.0, 0.0, 0.0, -10.349073595603619, 0.0, 0.0, 9.983436663687823e-07, -4.5206007958037615e-20, -2.0540340208371674e-17, 0.0, 0.0, 0.0, -4.52060079580376e-20, 9.966982438944314e-07, -5.60674275867864e-28, 0.0, 0.0, 0.0, -2.0540340208371674e-17, -5.605342126126584e-28, 9.966982438944314e-07, 0.0, -134.74074058460744, -10.349073595603441, 0.0, 0.0, 0.0, 216.39510452943838,0.000386258733469,-1.16660714042e-07,0.0,0.0,0.0,0.0,3.365018799420261e-06, 0.0, 0.0, 0.0, 0.0, 0.0, 0.0, 3.365018799420261e-06, 0.0, 0.0, 0.0, 0.0, 0.0, 0.0, 9.975195996616596e-07, -4.238680465790783e-26, 2.460874776141139e-26, 0.0, 0.0, 0.0, -4.2386804657907825e-26, 9.902230149655433e-07, 1.1844778510600783e-33, 0.0, 0.0, 0.0, 2.4608747761411388e-26, 6.0904440965054265e-34, 9.902230149655433e-07, 0.0, 0.0, 0.0, 0.0, 0.0, 0.0, 3.3538113046247456e-06
1492028617630724640,108198,1492028617,574352980,-0.127379146335,0.718399409285,0.0,0.0,0.0,0.866079143045,0.499906909316,312.34185261260257, 4.103696210432362, 0.0, 0.0, 0.0, -134.7407405846141, 4.103696210435627, 207.66708558794122, 0.0, 0.0, 0.0, -10.349073595603619, 0.0, 0.0, 9.983436663687823e-07, -4.5206007958037615e-20, -2.0540340208371674e-17, 0.0, 0.0, 0.0, -4.52060079580376e-20, 9.966982438944314e-07, -5.60674275867864e-28, 0.0, 0.0, 0.0, -2.0540340208371674e-17, -5.605342126126584e-28, 9.966982438944314e-07, 0.0, -134.74074058460744, -10.349073595603441, 0.0, 0.0, 0.0, 216.39510452943838,0.000386258733469,-1.16660714042e-07,0.0,0.0,0.0,0.0,3.365018799420261e-06, 0.0, 0.0, 0.0, 0.0, 0.0, 0.0, 3.365018799420261e-06, 0.0, 0.0, 0.0, 0.0, 0.0, 0.0, 9.975195996616596e-07, -4.238680465790783e-26, 2.460874776141139e-26, 0.0, 0.0, 0.0, -4.2386804657907825e-26, 9.902230149655433e-07, 1.1844778510600783e-33, 0.0, 0.0, 0.0, 2.4608747761411388e-26, 6.0904440965054265e-34, 9.902230149655433e-07, 0.0, 0.0, 0.0, 0.0, 0.0, 0.0, 3.3538113046247456e-06
1492028617652290554,108199,1492028617,614393950,-0.127384950092,0.718409349949,0.0,0.0,0.0,0.866079143045,0.499906909316,312.3468059061634, 4.104661055934082, 0.0, 0.0, 0.0, -134.74311041722635, 4.104661055937351, 207.66921847304434, 0.0, 0.0, 0.0, -10.350441109050504, 0.0, 0.0, 9.983398508112775e-07, 4.4259491554913487e-20, -1.2539596853950784e-17, 0.0, 0.0, 0.0, 4.425949155491349e-20, 9.966906630301961e-07, 3.3423405571416236e-28, 0.0, 0.0, 0.0, -1.2539596853950786e-17, 3.343757680468828e-28, 9.966906630301961e-07, 0.0, -134.7431104172197, -10.350441109050326, 0.0, 0.0, 0.0, 216.3975069889943,0.000176654841368,-1.34835481893e-06,0.0,0.0,0.0,0.0,3.3572601111607286e-06, 0.0, 0.0, 0.0, 0.0, 0.0, 0.0, 3.3572601111607286e-06, 0.0, 0.0, 0.0, 0.0, 0.0, 0.0, 9.975138952233269e-07, -2.596156584462488e-26, 1.4874408703385364e-26, 0.0, 0.0, 0.0, -2.596156584462487e-26, 9.90200858562526e-07, -1.6037992316430106e-33, 0.0, 0.0, 0.0, 1.487440870338536e-26, 1.6037992480254486e-33, 9.90200858562526e-07, 0.0, 0.0, 0.0, 0.0, 0.0, 0.0, 3.346079944406901e-06
1492028617690780839,108200,1492028617,654419899,-0.12738713529,0.718413057345,0.0,0.0,0.0,0.866079143045,0.499906909316,312.3499765337614, 4.1050422412134004, 0.0, 0.0, 0.0, -134.74404936846335, 4.105042241216665, 207.67127146019882, 0.0, 0.0, 0.0, -10.35098116444921, 0.0, 0.0, 9.983199411686615e-07, -7.534082928082932e-21, -4.3466645041611255e-18, 0.0, 0.0, 0.0, -7.534082928082935e-21, 9.966511078262367e-07, -1.956475193305217e-29, 0.0, 0.0, 0.0, -4.346664504161126e-18, -1.941968727852228e-29, 9.966511078262367e-07, 0.0, -134.7440493684567, -10.350981164449033, 0.0, 0.0, 0.0, 216.39990854732974,5.56850135348e-05,5.78577767139e-07,0.0,0.0,0.0,0.0,3.317347013458133e-06, 0.0, 0.0, 0.0, 0.0, 0.0, 0.0, 3.317347013458133e-06, 0.0, 0.0, 0.0, 0.0, 0.0, 0.0, 9.974841300744743e-07, -8.969646160294861e-27, 5.201961436300659e-27, 0.0, 0.0, 0.0, -8.969646160294866e-27, 9.900852730956062e-07, -8.999109296850585e-34, 0.0, 0.0, 0.0, 5.2019614363006615e-27, 8.999109296852336e-34, 9.900852730956062e-07, 0.0, 0.0, 0.0, 0.0, 0.0, 0.0, 3.306307435381824e-06
1492028617730752645,108201,1492028617,694597960,-0.127387890771,0.718414309599,0.0,0.0,0.0,0.866079143045,0.499906909316,312.3523570814443, 4.105168143551097, 0.0, 0.0, 0.0, -134.74434777990822, 4.105168143554363, 207.67329754019576, 0.0, 0.0, 0.0, -10.351160440914306, 0.0, 0.0, 9.983547762233765e-07, 3.351242607743022e-20, -1.3277871320400313e-18, 0.0, 0.0, 0.0, 3.3512426077430225e-20, 9.967203178502653e-07, 2.6975934989110854e-29, 0.0, 0.0, 0.0, -1.327787132040031e-18, 2.711681676454278e-29, 9.967203178502653e-07, 0.0, -134.74434777990157, -10.351160440914128, 0.0, 0.0, 0.0, 216.40231923233256,5.31363797321e-05,-7.00394374399e-07,0.0,0.0,0.0,0.0,3.3878129045746096e-06, 0.0, 0.0, 0.0, 0.0, 0.0, 0.0, 3.3878129045746096e-06, 0.0, 0.0, 0.0, 0.0, 0.0, 0.0, 9.975362096360395e-07, -2.7837517712637027e-27, 1.5156351646637948e-27, 0.0, 0.0, 0.0, -2.783751771263703e-27, 9.902875346806405e-07, -1.3153424075921934e-33, 0.0, 0.0, 0.0, 1.5156351646637946e-27, 1.3153424075921756e-33, 9.902875346806405e-07, 0.0, 0.0, 0.0, 0.0, 0.0, 0.0, 3.376523994899791e-06
1492028617770716720,108202,1492028617,735662937,-0.127390866776,0.71841957973,0.0,0.0,0.0,0.866079143045,0.499906909316,312.35562824380577, 4.105564514125867, 0.0, 0.0, 0.0, -134.74532575699055, 4.10556451412913, 207.67540452993586, 0.0, 0.0, 0.0, -10.351721891192394, 0.0, 0.0, 9.984461640612742e-07, -6.325496390649577e-20, -1.0675022759881276e-17, 0.0, 0.0, 0.0, -6.325496390649578e-20, 9.969019331677757e-07, -4.345685900626102e-28, 0.0, 0.0, 0.0, -1.0675022759881276e-17, -4.345678678388811e-28, 9.969019331677757e-07, 0.0, -134.7453257569839, -10.351721891192216, 0.0, 0.0, 0.0, 216.40478313244208,0.000266206885269,-2.160605451e-07,0.0,0.0,0.0,0.0,3.5877204363275387e-06, 0.0, 0.0, 0.0, 0.0, 0.0, 0.0, 3.5877204363275387e-06, 0.0, 0.0, 0.0, 0.0, 0.0, 0.0, 9.976728550024726e-07, -2.202490406599807e-26, 1.2897044268795104e-26, 0.0, 0.0, 0.0, -2.202490406599807e-26, 9.908188481504465e-07, 5.0519195311992285e-34, 0.0, 0.0, 0.0, 1.28970442687951e-26, -5.051919531198599e-34, 9.908188481504465e-07, 0.0, 0.0, 0.0, 0.0, 0.0, 0.0, 3.57573700402306e-06
1492028617810754712,108203,1492028617,774621964,-0.127397076908,0.718430379658,0.0,0.0,0.0,0.866079143045,0.499906909316,312.36049691225463, 4.106517342630029, 0.0, 0.0, 0.0, -134.74767110382098, 4.10651734263329, 207.67748167484527, 0.0, 0.0, 0.0, -10.353071963702252, 0.0, 0.0, 9.983131302564392e-07, -9.304964715115975e-20, -1.813375832577968e-17, 0.0, 0.0, 0.0, -9.304964715115977e-20, 9.966375771862108e-07, -1.0003525687215214e-27, 0.0, 0.0, 0.0, -1.8133758325779675e-17, -1.0002054577664256e-27, 9.966375771862108e-07, 0.0, -134.74767110381433, -10.353071963702074, 0.0, 0.0, 0.0, 216.40712067530413,0.000289664748157,-1.54843006929e-06,0.0,0.0,0.0,0.0,3.3039120586548303e-06, 0.0, 0.0, 0.0, 0.0, 0.0, 0.0, 3.3039120586548303e-06, 0.0, 0.0, 0.0, 0.0, 0.0, 0.0, 9.97473947991509e-07, -3.7346414915916047e-26, 2.1829005672170688e-26, 0.0, 0.0, 0.0, -3.734641491591604e-26, 9.900457468423696e-07, -7.5569482316211845e-34, 0.0, 0.0, 0.0, 2.1829005672170688e-26, 7.556948397798865e-34, 9.900457468423696e-07, 0.0, 0.0, 0.0, 0.0, 0.0, 0.0, 3.292921248673985e-06
1492028617850751354,108204,1492028617,774621964,-0.127397076908,0.718430379658,0.0,0.0,0.0,0.866079143045,0.499906909316,312.36049691225463, 4.106517342630029, 0.0, 0.0, 0.0, -134.74767110382098, 4.10651734263329, 207.67748167484527, 0.0, 0.0, 0.0, -10.353071963702252, 0.0, 0.0, 9.983131302564392e-07, -9.304964715115975e-20, -1.813375832577968e-17, 0.0, 0.0, 0.0, -9.304964715115977e-20, 9.966375771862108e-07, -1.0003525687215214e-27, 0.0, 0.0, 0.0, -1.8133758325779675e-17, -1.0002054577664256e-27, 9.966375771862108e-07, 0.0, -134.74767110381433, -10.353071963702074, 0.0, 0.0, 0.0, 216.40712067530413,0.000289664748157,-1.54843006929e-06,0.0,0.0,0.0,0.0,3.3039120586548303e-06, 0.0, 0.0, 0.0, 0.0, 0.0, 0.0, 3.3039120586548303e-06, 0.0, 0.0, 0.0, 0.0, 0.0, 0.0, 9.97473947991509e-07, -3.7346414915916047e-26, 2.1829005672170688e-26, 0.0, 0.0, 0.0, -3.734641491591604e-26, 9.900457468423696e-07, -7.5569482316211845e-34, 0.0, 0.0, 0.0, 2.1829005672170688e-26, 7.556948397798865e-34, 9.900457468423696e-07, 0.0, 0.0, 0.0, 0.0, 0.0, 0.0, 3.292921248673985e-06
1492028617890806241,108205,1492028617,815229893,-0.127400958237,0.718437050633,0.0,0.0,0.0,0.866079143045,0.499906909316,312.3645688683543, 4.107181245855826, 0.0, 0.0, 0.0, -134.74931046789445, 4.107181245859087, 207.6796020691669, 0.0, 0.0, 0.0, -10.354012238814411, 0.0, 0.0, 9.984285946805196e-07, -7.070405345508612e-20, -7.66906536633279e-18, 0.0, 0.0, 0.0, -7.070405345508613e-20, 9.968670116210562e-07, -3.4512650760797787e-28, 0.0, 0.0, 0.0, -7.66906536633279e-18, -3.449995226208009e-28, 9.968670116210562e-07, 0.0, -134.7493104678878, -10.354012238814233, 0.0, 0.0, 0.0, 216.40955715245573,0.000102781030589,-1.37198560191e-06,0.0,0.0,0.0,0.0,3.5474643750040306e-06, 0.0, 0.0, 0.0, 0.0, 0.0, 0.0, 3.5474643750040306e-06, 0.0, 0.0, 0.0, 0.0, 0.0, 0.0, 9.976465826632325e-07, -1.5776631842562316e-26, 9.308176679580973e-27, 0.0, 0.0, 0.0, -1.5776631842562313e-26, 9.907166043099016e-07, 1.7294777473850608e-33, 0.0, 0.0, 0.0, 9.30817667958097e-27, -1.7294777473850043e-33, 9.907166043099016e-07, 0.0, 0.0, 0.0, 0.0, 0.0, 0.0, 3.5356110017669473e-06
1492028617890826853,108206,1492028617,855453014,-0.127402182044,0.718439113156,0.0,0.0,0.0,0.866079143045,0.499906909316,312.3672880663393, 4.107410667826859, 0.0, 0.0, 0.0, -134.74987901051162, 4.107410667830121, 207.68164432903535, 0.0, 0.0, 0.0, -10.354337007725832, 0.0, 0.0, 9.984144090020194e-07, 5.743119010030129e-20, -2.316377805013054e-18, 0.0, 0.0, 0.0, 5.743119010030128e-20, 9.968388188608063e-07, 8.403030958887024e-29, 0.0, 0.0, 0.0, -2.3163778050130533e-18, 8.377133219666092e-29, 9.968388188608063e-07, 0.0, -134.74987901050497, -10.354337007725654, 0.0, 0.0, 0.0, 216.41197054114022,-4.97008811243e-06,1.48483817551e-06,0.0,0.0,0.0,0.0,3.515646884804331e-06, 0.0, 0.0, 0.0, 0.0, 0.0, 0.0, 3.515646884804331e-06, 0.0, 0.0, 0.0, 0.0, 0.0, 0.0, 9.976253712588078e-07, -4.8615573056656415e-27, 2.6497476033580753e-27, 0.0, 0.0, 0.0, -4.861557305665644e-27, 9.906341251329354e-07, -1.990399310928043e-33, 0.0, 0.0, 0.0, 2.649747603358077e-27, 1.9903993109280295e-33, 9.906341251329354e-07, 0.0, 0.0, 0.0, 0.0, 0.0, 0.0, 3.503915263742478e-06
1492028617930794096,108207,1492028617,894979954,-0.127400160831,0.718435511675,0.0,0.0,0.0,0.866079143045,0.499906909316,312.36852132628144, 4.107168345070203, 0.0, 0.0, 0.0, -134.74928227627979, 4.107168345073461, 207.68358784872078, 0.0, 0.0, 0.0, -10.353993680619658, 0.0, 0.0, 9.983631742204817e-07, -4.84193899126528e-20, 7.919153031734811e-18, 0.0, 0.0, 0.0, -4.841938991265283e-20, 9.967370044392945e-07, 2.342593392461059e-28, 0.0, 0.0, 0.0, 7.919153031734811e-18, 2.342573471123197e-28, 9.967370044392945e-07, 0.0, -134.74928227627314, -10.35399368061948, 0.0, 0.0, 0.0, 216.41434215882654,-0.000185983894745,1.82342839128e-06,0.0,0.0,0.0,0.0,3.405251169249968e-06, 0.0, 0.0, 0.0, 0.0, 0.0, 0.0, 3.405251169249968e-06, 0.0, 0.0, 0.0, 0.0, 0.0, 0.0, 9.97548765485196e-07, 1.6424028474788701e-26, -9.353667179568178e-27, 0.0, 0.0, 0.0, 1.6424028474788693e-26, 9.903363188781755e-07, -2.742320679079416e-34, 0.0, 0.0, 0.0, -9.353667179568173e-27, 2.742320679080073e-34, 9.903363188781755e-07, 0.0, 0.0, 0.0, 0.0, 0.0, 0.0, 3.3939014472257238e-06
1492028617952381031,108208,1492028617,934931993,-0.127398420019,0.718432595312,0.0,0.0,0.0,0.866079143045,0.499906909316,312.36941599891423, 4.106811348532817, 0.0, 0.0, 0.0, -134.74839656948967, 4.1068113485360795, 207.68553712723727, 0.0, 0.0, 0.0, -10.35348837775747, 0.0, 0.0, 9.983148381550137e-07, 2.9891310580780885e-21, -8.025853010337385e-20, 0.0, 0.0, 0.0, 2.9891310580780892e-21, 9.96640970075532e-07, 1.4254289000896034e-31, 0.0, 0.0, 0.0, -8.025853010337386e-20, 1.4247066763604582e-31, 9.96640970075532e-07, 0.0, -134.74839656948302, -10.353488377757293, 0.0, 0.0, 0.0, 216.41673928257478,0.000115547700577,-3.9814565215e-07,0.0,0.0,0.0,0.0,3.3072706215847243e-06, 0.0, 0.0, 0.0, 0.0, 0.0, 0.0, 3.3072706215847243e-06, 0.0, 0.0, 0.0, 0.0, 0.0, 0.0, 9.974765012264815e-07, -1.6869953403079899e-28, 8.920960608530493e-29, 0.0, 0.0, 0.0, -1.6869953403079892e-28, 9.90055657649166e-07, -1.2468061244153285e-33, 0.0, 0.0, 0.0, 8.920960608530489e-29, 1.2468061244152847e-33, 9.90055657649166e-07, 0.0, 0.0, 0.0, 0.0, 0.0, 0.0, 3.296267526542322e-06
1492028617990681133,108209,1492028617,975074053,-0.127403648302,0.718441695632,0.0,0.0,0.0,0.866079143045,0.499906909316,312.3737307798581, 4.107566833565158, 0.0, 0.0, 0.0, -134.75024970327914, 4.10756683356842, 207.6876467332836, 0.0, 0.0, 0.0, -10.354559352121097, 0.0, 0.0, 9.983325645626994e-07, -4.7941142646628856e-20, -1.8673146136462508e-17, 0.0, 0.0, 0.0, -4.794114264662887e-20, 9.96676186943322e-07, -5.368796641832649e-28, 0.0, 0.0, 0.0, -1.8673146136462505e-17, -5.368799831654119e-28, 9.966761869433223e-07, 0.0, -134.7502497032725, -10.35455935212092, 0.0, 0.0, 0.0, 216.4191478075052,0.000274057876105,2.77118024432e-07,0.0,0.0,0.0,0.0,3.3425454848792316e-06, 0.0, 0.0, 0.0, 0.0, 0.0, 0.0, 3.3425454848792316e-06, 0.0, 0.0, 0.0, 0.0, 0.0, 0.0, 9.975030020999224e-07, -3.8524097919126464e-26, 2.238503691124518e-26, 0.0, 0.0, 0.0, -3.852409791912644e-26, 9.901585572975106e-07, -2.2629575306071072e-33, 0.0, 0.0, 0.0, 2.2385036911245173e-26, 2.2629575306071346e-33, 9.901585572975106e-07, 0.0, 0.0, 0.0, 0.0, 0.0, 0.0, 3.3314186920897406e-06
1492028618030707440,108210,1492028617,975074053,-0.127403648302,0.718441695632,0.0,0.0,0.0,0.866079143045,0.499906909316,312.3737307798581, 4.107566833565158, 0.0, 0.0, 0.0, -134.75024970327914, 4.10756683356842, 207.6876467332836, 0.0, 0.0, 0.0, -10.354559352121097, 0.0, 0.0, 9.983325645626994e-07, -4.7941142646628856e-20, -1.8673146136462508e-17, 0.0, 0.0, 0.0, -4.794114264662887e-20, 9.96676186943322e-07, -5.368796641832649e-28, 0.0, 0.0, 0.0, -1.8673146136462505e-17, -5.368799831654119e-28, 9.966761869433223e-07, 0.0, -134.7502497032725, -10.35455935212092, 0.0, 0.0, 0.0, 216.4191478075052,0.000274057876105,2.77118024432e-07,0.0,0.0,0.0,0.0,3.3425454848792316e-06, 0.0, 0.0, 0.0, 0.0, 0.0, 0.0, 3.3425454848792316e-06, 0.0, 0.0, 0.0, 0.0, 0.0, 0.0, 9.975030020999224e-07, -3.8524097919126464e-26, 2.238503691124518e-26, 0.0, 0.0, 0.0, -3.852409791912644e-26, 9.901585572975106e-07, -2.2629575306071072e-33, 0.0, 0.0, 0.0, 2.2385036911245173e-26, 2.2629575306071346e-33, 9.901585572975106e-07, 0.0, 0.0, 0.0, 0.0, 0.0, 0.0, 3.3314186920897406e-06
1492028618070713693,108211,1492028618,15075922,-0.127404567581,0.718443106288,0.0,0.0,0.0,0.866079143045,0.499906909316,312.37671414727436, 4.107885860593598, 0.0, 0.0, 0.0, -134.75103928646465, 4.107885860596863, 207.68969007745187, 0.0, 0.0, 0.0, -10.355011057569822, 0.0, 0.0, 9.983351854229903e-07, -3.108743413909372e-20, 4.626805377347108e-18, 0.0, 0.0, 0.0, -3.108743413909372e-20, 9.966813937594943e-07, 8.625428922921355e-29, 0.0, 0.0, 0.0, 4.62680537734711e-18, 8.65403801039212e-29, 9.966813937594943e-07, 0.0, -134.751039286458, -10.355011057569644, 0.0, 0.0, 0.0, 216.42154792101707,-0.000236552343077,-2.58479283098e-07,0.0,0.0,0.0,0.0,3.347819665561999e-06, 0.0, 0.0, 0.0, 0.0, 0.0, 0.0, 3.347819665561999e-06, 0.0, 0.0, 0.0, 0.0, 0.0, 0.0, 9.9750692027746e-07, 9.594641775761106e-27, -5.4565719509776956e-27, 0.0, 0.0, 0.0, 9.594641775761103e-27, 9.901737664514497e-07, 2.3420200917911835e-34, 0.0, 0.0, 0.0, -5.456571950977696e-27, -2.34202009179134e-34, 9.901737664514497e-07, 0.0, 0.0, 0.0, 0.0, 0.0, 0.0, 3.3366716399382117e-06
1492028618110708203,108212,1492028618,55136919,-0.127398006751,0.718431745652,0.0,0.0,0.0,0.866079143045,0.499906909316,312.37572432894507, 4.10690459291579, 0.0, 0.0, 0.0, -134.74863583339123, 4.106904592919054, 207.69156002202757, 0.0, 0.0, 0.0, -10.353619721325854, 0.0, 0.0, 9.983539626216865e-07, -1.7621218495734895e-20, 1.8678147782382082e-17, 0.0, 0.0, 0.0, -1.7621218495734892e-20, 9.967187008760633e-07, 1.9995377831555008e-28, 0.0, 0.0, 0.0, 1.867814778238209e-17, 1.9995404313091743e-28, 9.967187008760633e-07, 0.0, -134.74863583338458, -10.353619721325677, 0.0, 0.0, 0.0, 216.4239515822003,-0.00028359709987,2.08786686526e-07,0.0,0.0,0.0,0.0,3.3861243200558675e-06, 0.0, 0.0, 0.0, 0.0, 0.0, 0.0, 3.3861243200558675e-06, 0.0, 0.0, 0.0, 0.0, 0.0, 0.0, 9.975349931052953e-07, 3.8604100508623655e-26, -2.22506093684154e-26, 0.0, 0.0, 0.0, 3.860410050862366e-26, 9.902827955818964e-07, -1.6235903093240895e-33, 0.0, 0.0, 0.0, -2.2250609368415393e-26, 1.6239619735761748e-33, 9.902827955818964e-07, 0.0, 0.0, 0.0, 0.0, 0.0, 0.0, 3.3748365635032253e-06
1492028618150713657,108213,1492028618,95172882,-0.127397839896,0.718431606685,0.0,0.0,0.0,0.866079143045,0.499906909316,312.3771834744108, 4.106728943196763, 0.0, 0.0, 0.0, -134.74820002780373, 4.106728943200027, 207.69353805788276, 0.0, 0.0, 0.0, -10.353371091079172, 0.0, 0.0, 9.98337205014212e-07, 2.5106863470432102e-20, -7.206554880933107e-18, 0.0, 0.0, 0.0, 2.5106863470432096e-20, 9.96685406183802e-07, 1.088834123709046e-28, 0.0, 0.0, 0.0, -7.206554880933102e-18, 1.0874235605807146e-28, 9.96685406183802e-07, 0.0, -134.74820002779708, -10.353371091078994, 0.0, 0.0, 0.0, 216.42635374135088,0.000183625861103,9.74786764397e-07,0.0,0.0,0.0,0.0,3.3518974139168063e-06, 0.0, 0.0, 0.0, 0.0, 0.0, 0.0, 3.3518974139168063e-06, 0.0, 0.0, 0.0, 0.0, 0.0, 0.0, 9.975099396056162e-07, -1.4916610071640802e-26, 8.547207289926325e-27, 0.0, 0.0, 0.0, -1.49166100716408e-26, 9.901854902813216e-07, 7.582481804385235e-35, 0.0, 0.0, 0.0, 8.547207289926326e-27, -7.582481804385235e-35, 9.901854902813216e-07, 0.0, 0.0, 0.0, 0.0, 0.0, 0.0, 3.340734184148356e-06
1492028618194685177,108214,1492028618,135186911,-0.127400309272,0.718435777653,0.0,0.0,0.0,0.866079143045,0.499906909316,312.38058103010616, 4.1071869229763065, 0.0, 0.0, 0.0, -134.74932178700445, 4.107186922979568, 207.69560091835135, 0.0, 0.0, 0.0, -10.354020483607371, 0.0, 0.0, 9.983192544504106e-07, -2.4267116018919724e-20, -2.8362616701870868e-18, 0.0, 0.0, 0.0, -2.4267116018919724e-20, 9.966497434430487e-07, -4.0951740538579555e-29, 0.0, 0.0, 0.0, -2.8362616701870852e-18, -4.0950211831686197e-29, 9.966497434430487e-07, 0.0, -134.7493217869978, -10.354020483607194, 0.0, 0.0, 0.0, 216.42875458442893,-3.25384806105e-05,1.26299751155e-06,0.0,0.0,0.0,0.0,3.315984861367066e-06, 0.0, 0.0, 0.0, 0.0, 0.0, 0.0, 3.315984861367066e-06, 0.0, 0.0, 0.0, 0.0, 0.0, 0.0, 9.974831034087518e-07, -5.8295497254837865e-27, 3.434213075384638e-27, 0.0, 0.0, 0.0, -5.829549725483785e-27, 9.900812834603974e-07, 2.380285595864e-34, 0.0, 0.0, 0.0, 3.4342130753846375e-27, -2.380285595863562e-34, 9.900812834603974e-07, 0.0, 0.0, 0.0, 0.0, 0.0, 0.0, 3.304948791059972e-06
1492028618194715937,108215,1492028618,175260067,-0.127395587794,0.718427450829,0.0,0.0,0.0,0.866079143045,0.499906909316,312.38080106766625, 4.106604295672964, 0.0, 0.0, 0.0, -134.74788936110104, 4.106604295676228, 207.69752559879888, 0.0, 0.0, 0.0, -10.353194743658426, 0.0, 0.0, 9.983258557372146e-07, -6.080450823196387e-20, 1.9454906788299227e-17, 0.0, 0.0, 0.0, -6.080450823196386e-20, 9.96662857949351e-07, 7.066708337310656e-28, 0.0, 0.0, 0.0, 1.9454906788299224e-17, 7.065256065761967e-28, 9.966628579493513e-07, 0.0, -134.7478893610944, -10.353194743658248, 0.0, 0.0, 0.0, 216.43115897517657,-0.000423806078783,5.75470713936e-08,0.0,0.0,0.0,0.0,3.3290998860131953e-06, 0.0, 0.0, 0.0, 0.0, 0.0, 0.0, 3.3290998860131953e-06, 0.0, 0.0, 0.0, 0.0, 0.0, 0.0, 9.974929722261528e-07, 4.025350837709717e-26, -2.3084441318756542e-26, 0.0, 0.0, 0.0, 4.025350837709716e-26, 9.90119597583201e-07, -6.262650444100921e-34, 0.0, 0.0, 0.0, -2.3084441318756534e-26, 2.4378428983492987e-33, 9.90119597583201e-07, 0.0, 0.0, 0.0, 0.0, 0.0, 0.0, 3.318016171143028e-06
1492028618234731841,108216,1492028618,175260067,-0.127395587794,0.718427450829,0.0,0.0,0.0,0.866079143045,0.499906909316,312.38080106766625, 4.106604295672964, 0.0, 0.0, 0.0, -134.74788936110104, 4.106604295676228, 207.69752559879888, 0.0, 0.0, 0.0, -10.353194743658426, 0.0, 0.0, 9.983258557372146e-07, -6.080450823196387e-20, 1.9454906788299227e-17, 0.0, 0.0, 0.0, -6.080450823196386e-20, 9.96662857949351e-07, 7.066708337310656e-28, 0.0, 0.0, 0.0, 1.9454906788299224e-17, 7.065256065761967e-28, 9.966628579493513e-07, 0.0, -134.7478893610944, -10.353194743658248, 0.0, 0.0, 0.0, 216.43115897517657,-0.000423806078783,5.75470713936e-08,0.0,0.0,0.0,0.0,3.3290998860131953e-06, 0.0, 0.0, 0.0, 0.0, 0.0, 0.0, 3.3290998860131953e-06, 0.0, 0.0, 0.0, 0.0, 0.0, 0.0, 9.974929722261528e-07, 4.025350837709717e-26, -2.3084441318756542e-26, 0.0, 0.0, 0.0, 4.025350837709716e-26, 9.90119597583201e-07, -6.262650444100921e-34, 0.0, 0.0, 0.0, -2.3084441318756534e-26, 2.4378428983492987e-33, 9.90119597583201e-07, 0.0, 0.0, 0.0, 0.0, 0.0, 0.0, 3.318016171143028e-06
1492028618252303984,108217,1492028618,215424061,-0.127387030524,0.718412649211,0.0,0.0,0.0,0.866079143045,0.499906909316,312.37871842294675, 4.1052680999305355, 0.0, 0.0, 0.0, -134.7446039426432, 4.1052680999338, 207.699352657601, 0.0, 0.0, 0.0, -10.351300931132382, 0.0, 0.0, 9.98350700412087e-07, -3.535775795620242e-20, 2.220988004586006e-17, 0.0, 0.0, 0.0, -3.5357757956202425e-20, 9.967122190565419e-07, 4.761357615149187e-28, 0.0, 0.0, 0.0, 2.2209880045860057e-17, 4.761369411470097e-28, 9.967122190565419e-07, 0.0, -134.74460394263656, -10.351300931132204, 0.0, 0.0, 0.0, 216.4335688161786,-0.000325554565334,-8.61888348848e-07,0.0,0.0,0.0,0.0,3.379403538163148e-06, 0.0, 0.0, 0.0, 0.0, 0.0, 0.0, 3.379403538163148e-06, 0.0, 0.0, 0.0, 0.0, 0.0, 0.0, 9.975301158168047e-07, 4.5915418295820354e-26, -2.642505314740182e-26, 0.0, 0.0, 0.0, 4.591541829582033e-26, 9.902638454500044e-07, 2.058526813808302e-35, 0.0, 0.0, 0.0, -2.642505314740182e-26, 3.8318931465300626e-33, 9.902638454500044e-07, 0.0, 0.0, 0.0, 0.0, 0.0, 0.0, 3.3681384285684053e-06
1492028618290825939,108218,1492028618,255873919,-0.12738244943,0.718404724276,0.0,0.0,0.0,0.866079143045,0.499906909316,312.3784653843474, 4.104525511308216, 0.0, 0.0, 0.0, -134.74277636541953, 4.104525511311477, 207.70127451699486, 0.0, 0.0, 0.0, -10.350248526897023, 0.0, 0.0, 9.98412896924551e-07, 1.0074762404415333e-19, 9.918804293813903e-18, 0.0, 0.0, 0.0, 1.0074762404415334e-19, 9.968358129970095e-07, -6.296345026240512e-28, 0.0, 0.0, 0.0, 9.918804293813903e-18, -6.296357604970461e-28, 9.968358129970095e-07, 0.0, -134.74277636541288, -10.350248526896845, 0.0, 0.0, 0.0, 216.4359958090338,-0.000187897985882,8.12497178039e-07,0.0,0.0,0.0,0.0,3.5122689706620305e-06, 0.0, 0.0, 0.0, 0.0, 0.0, 0.0, 3.5122689706620305e-06, 0.0, 0.0, 0.0, 0.0, 0.0, 0.0, 9.976231100677317e-07, 2.0388472524672743e-26, -1.2054937662651098e-26, 0.0, 0.0, 0.0, 2.0388472524672735e-26, 9.90625306925671e-07, -8.43238493485567e-34, 0.0, 0.0, 0.0, -1.2054937662651095e-26, 8.43238493485567e-34, 9.90625306925671e-07, 0.0, 0.0, 0.0, 0.0, 0.0, 0.0, 3.5005392874096646e-06
1492028618330817986,108219,1492028618,295488119,-0.127378059502,0.71839708618,0.0,0.0,0.0,0.866079143045,0.499906909316,312.3784375541366, 4.103870631634076, 0.0, 0.0, 0.0, -134.74116317896195, 4.103870631637337, 207.70316649810562, 0.0, 0.0, 0.0, -10.349320501076775, 0.0, 0.0, 9.983350664391493e-07, 7.293517841328179e-20, 1.336107214921046e-17, 0.0, 0.0, 0.0, 7.293517841328177e-20, 9.966811571827326e-07, -5.853037240165753e-28, 0.0, 0.0, 0.0, 1.3361072149210463e-17, -5.853041513322817e-28, 9.966811571827326e-07, 0.0, -134.7411631789553, -10.349320501076598, 0.0, 0.0, 0.0, 216.43837266240675,-0.000218203218216,3.04842558181e-07,0.0,0.0,0.0,0.0,3.3475757578276266e-06, 0.0, 0.0, 0.0, 0.0, 0.0, 0.0, 3.3475757578276266e-06, 0.0, 0.0, 0.0, 0.0, 0.0, 0.0, 9.975067423360286e-07, 2.7510765816181323e-26, -1.6092136868174295e-26, 0.0, 0.0, 0.0, 2.751076581618132e-26, 9.901730695557687e-07, 2.904089274019714e-34, 0.0, 0.0, 0.0, -1.60921368681743e-26, -2.9040892740197395e-34, 9.901730695557687e-07, 0.0, 0.0, 0.0, 0.0, 0.0, 0.0, 3.3364264550629094e-06
1492028618370783652,108220,1492028618,335540056,-0.127373127173,0.718388536424,0.0,0.0,0.0,0.866079143045,0.499906909316,312.37827849835946, 4.103160784408275, 0.0, 0.0, 0.0, -134.7394269784678, 4.103160784411538, 207.70507283268128, 0.0, 0.0, 0.0, -10.348313591917739, 0.0, 0.0, 9.983500387435313e-07, -8.393759335145855e-20, 1.4631425349044554e-17, 0.0, 0.0, 0.0, -8.393759335145854e-20, 9.967109050460906e-07, 7.443366669506221e-28, 0.0, 0.0, 0.0, 1.4631425349044557e-17, 7.443372387110744e-28, 9.967109050460906e-07, 0.0, -134.73942697846115, -10.348313591917561, 0.0, 0.0, 0.0, 216.44077577999494,-0.00032967002756,6.55480278093e-07,0.0,0.0,0.0,0.0,3.3780581562250593e-06, 0.0, 0.0, 0.0, 0.0, 0.0, 0.0, 3.3780581562250593e-06, 0.0, 0.0, 0.0, 0.0, 0.0, 0.0, 9.975291267808993e-07, 3.033613674067339e-26, -1.729194310710465e-26, 0.0, 0.0, 0.0, 3.0336136740673394e-26, 9.902600244493414e-07, 1.3086549920757998e-34, 0.0, 0.0, 0.0, -1.729194310710466e-26, -1.3086549920750776e-34, 9.902600244493414e-07, 0.0, 0.0, 0.0, 0.0, 0.0, 0.0, 3.366805568230599e-06
1492028618410742927,108221,1492028618,375629902,-0.127365254914,0.718374923972,0.0,0.0,0.0,0.866079143045,0.499906909316,312.37672324605495, 4.101994025705317, 0.0, 0.0, 0.0, -134.73656778869736, 4.101994025708582, 207.70691913880924, 0.0, 0.0, 0.0, -10.346658900159367, 0.0, 0.0, 9.983340348651781e-07, -6.518932336184786e-20, 2.291644472525384e-17, 0.0, 0.0, 0.0, -6.518932336184787e-20, 9.966791080599036e-07, 8.966500102160468e-28, 0.0, 0.0, 0.0, 2.2916444725253845e-17, 8.96793762830802e-28, 9.966791080599034e-07, 0.0, -134.7365677886907, -10.34665890015919, 0.0, 0.0, 0.0, 216.44318117210685,-0.00041672577531,-1.48839710699e-06,0.0,0.0,0.0,0.0,3.3455044044878557e-06, 0.0, 0.0, 0.0, 0.0, 0.0, 0.0, 3.3455044044878557e-06, 0.0, 0.0, 0.0, 0.0, 0.0, 0.0, 9.97505200226129e-07, 4.7426499369066266e-26, -2.7215667632641634e-26, 0.0, 0.0, 0.0, 4.742649936906624e-26, 9.901670928485588e-07, 2.1718094073888786e-33, 0.0, 0.0, 0.0, -2.721566763264164e-26, 2.3021861515517686e-33, 9.901670928485588e-07, 0.0, 0.0, 0.0, 0.0, 0.0, 0.0, 3.3343668789596406e-06
1492028618450735010,108222,1492028618,375629902,-0.127365254914,0.718374923972,0.0,0.0,0.0,0.866079143045,0.499906909316,312.37672324605495, 4.101994025705317, 0.0, 0.0, 0.0, -134.73656778869736, 4.101994025708582, 207.70691913880924, 0.0, 0.0, 0.0, -10.346658900159367, 0.0, 0.0, 9.983340348651781e-07, -6.518932336184786e-20, 2.291644472525384e-17, 0.0, 0.0, 0.0, -6.518932336184787e-20, 9.966791080599036e-07, 8.966500102160468e-28, 0.0, 0.0, 0.0, 2.2916444725253845e-17, 8.96793762830802e-28, 9.966791080599034e-07, 0.0, -134.7365677886907, -10.34665890015919, 0.0, 0.0, 0.0, 216.44318117210685,-0.00041672577531,-1.48839710699e-06,0.0,0.0,0.0,0.0,3.3455044044878557e-06, 0.0, 0.0, 0.0, 0.0, 0.0, 0.0, 3.3455044044878557e-06, 0.0, 0.0, 0.0, 0.0, 0.0, 0.0, 9.97505200226129e-07, 4.7426499369066266e-26, -2.7215667632641634e-26, 0.0, 0.0, 0.0, 4.742649936906624e-26, 9.901670928485588e-07, 2.1718094073888786e-33, 0.0, 0.0, 0.0, -2.721566763264164e-26, 2.3021861515517686e-33, 9.901670928485588e-07, 0.0, 0.0, 0.0, 0.0, 0.0, 0.0, 3.3343668789596406e-06
1492028618490717874,108223,1492028618,415616989,-0.127357365416,0.718361281036,0.0,0.0,0.0,0.866079143045,0.499906909316,312.3750299387135, 4.100784918446159, 0.0, 0.0, 0.0, -134.7336017446913, 4.100784918449422, 207.7087546063194, 0.0, 0.0, 0.0, -10.34494429118185, 0.0, 0.0, 9.983146756045819e-07, -4.903940349123108e-20, 2.184639338600278e-17, 0.0, 0.0, 0.0, -4.9039403491231057e-20, 9.966406469031721e-07, 6.356841194132699e-28, 0.0, 0.0, 0.0, 2.184639338600278e-17, 6.356847513590329e-28, 9.966406469031724e-07, 0.0, -134.73360174468465, -10.344944291181672, 0.0, 0.0, 0.0, 216.4455803987046,-0.000393816952932,-1.21085383366e-06,0.0,0.0,0.0,0.0,3.306945384483875e-06, 0.0, 0.0, 0.0, 0.0, 0.0, 0.0, 3.306945384483875e-06, 0.0, 0.0, 0.0, 0.0, 0.0, 0.0, 9.974762581413432e-07, 4.517549859360795e-26, -2.595998442344879e-26, 0.0, 0.0, 0.0, 4.5175498593607926e-26, 9.900547060312279e-07, 7.228296605622738e-34, 0.0, 0.0, 0.0, -2.595998442344879e-26, 3.2076545330639063e-33, 9.900547060312279e-07, 0.0, 0.0, 0.0, 0.0, 0.0, 0.0, 3.2959405746907283e-06
1492028618490734303,108224,1492028618,455727100,-0.127350221109,0.718348938728,0.0,0.0,0.0,0.866079143045,0.499906909316,312.37360588389157, 4.099662866006301, 0.0, 0.0, 0.0, -134.73084694012377, 4.099662866009567, 207.71060806147665, 0.0, 0.0, 0.0, -10.343353222995246, 0.0, 0.0, 9.983360572478872e-07, 6.683560017528291e-20, 1.8813286719984343e-17, 0.0, 0.0, 0.0, 6.683560017528291e-20, 9.96683126015665e-07, -7.556027311980555e-28, 0.0, 0.0, 0.0, 1.881328671998435e-17, -7.5574413056716e-28, 9.966831260156651e-07, 0.0, -134.73084694011712, -10.343353222995068, 0.0, 0.0, 0.0, 216.4479870067456,-0.000293923705377,-8.09011538841e-07,0.0,0.0,0.0,0.0,3.349582225943616e-06, 0.0, 0.0, 0.0, 0.0, 0.0, 0.0, 3.349582225943616e-06, 0.0, 0.0, 0.0, 0.0, 0.0, 0.0, 9.975082237218917e-07, 3.8790229019271107e-26, -2.2590826711183928e-26, 0.0, 0.0, 0.0, 3.8790229019271107e-26, 9.901788327484332e-07, 1.895258205018299e-33, 0.0, 0.0, 0.0, -2.2590826711183922e-26, -1.895085774361876e-33, 9.901788327484332e-07, 0.0, 0.0, 0.0, 0.0, 0.0, 0.0, 3.338429538957741e-06
1492028618530732000,108225,1492028618,495780945,-0.127347544396,0.71834448966,0.0,0.0,0.0,0.866079143045,0.499906909316,312.37396866079575, 4.09912064511476, 0.0, 0.0, 0.0, -134.72952962982922, 4.099120645118026, 207.71253719436868, 0.0, 0.0, 0.0, -10.342583254462108, 0.0, 0.0, 9.982664456795243e-07, -9.939628267624666e-20, 1.1519472103991285e-18, 0.0, 0.0, 0.0, -9.939628267624667e-20, 9.965448427647303e-07, 6.612531806335993e-29, 0.0, 0.0, 0.0, 1.1519472103991275e-18, 6.597177931707473e-29, 9.965448427647303e-07, 0.0, -134.72952962982257, -10.34258325446193, 0.0, 0.0, 0.0, 216.4503902387916,0.000104864120628,8.98103712858e-08,0.0,0.0,0.0,0.0,3.2146627548392797e-06, 0.0, 0.0, 0.0, 0.0, 0.0, 0.0, 3.2146627548392797e-06, 0.0, 0.0, 0.0, 0.0, 0.0, 0.0, 9.974041598050755e-07, 2.4986243271503586e-27, -1.1695058827297861e-27, 0.0, 0.0, 0.0, 2.4986243271503597e-27, 9.89774955760065e-07, -9.458420025210243e-34, 0.0, 0.0, 0.0, -1.1695058827297867e-27, 9.458420025210267e-34, 9.89774955760065e-07, 0.0, 0.0, 0.0, 0.0, 0.0, 0.0, 3.2039940181305187e-06
1492028618552371100,108226,1492028618,535793066,-0.127352753236,0.71835353372,0.0,0.0,0.0,0.866079143045,0.499906909316,312.37820311614837, 4.099853708383533, 0.0, 0.0, 0.0, -134.7313240070754, 4.0998537083868, 207.71463721462248, 0.0, 0.0, 0.0, -10.343623206938398, 0.0, 0.0, 9.983429988746009e-07, 3.592668185645734e-20, -1.8520262868245918e-17, 0.0, 0.0, 0.0, 3.5926681856457344e-20, 9.96696917356049e-07, 4.0148104139566452e-28, 0.0, 0.0, 0.0, -1.8520262868245927e-17, 4.0162241067211362e-28, 9.96696917356049e-07, 0.0, -134.73132400706874, -10.34362320693822, 0.0, 0.0, 0.0, 216.45279096741012,0.000305829717389,3.31075510041e-07,0.0,0.0,0.0,0.0,3.3636517604612937e-06, 0.0, 0.0, 0.0, 0.0, 0.0, 0.0, 3.3636517604612937e-06, 0.0, 0.0, 0.0, 0.0, 0.0, 0.0, 9.975186016186832e-07, -3.829910941488258e-26, 2.202400674481466e-26, 0.0, 0.0, 0.0, -3.8299109414882566e-26, 9.90219127744059e-07, -3.2534580373143032e-34, 0.0, 0.0, 0.0, 2.2024006744814656e-26, 3.2534580373143032e-34, 9.90219127744059e-07, 0.0, 0.0, 0.0, 0.0, 0.0, 0.0, 3.3524451523765665e-06
1492028618590705430,108227,1492028618,575931072,-0.12735785396,0.718362416082,0.0,0.0,0.0,0.866079143045,0.499906909316,312.38268256807015, 4.100658711535962, 0.0, 0.0, 0.0, -134.73331011939655, 4.100658711539232, 207.71675317676275, 0.0, 0.0, 0.0, -10.344763995774294, 0.0, 0.0, 9.98278823683056e-07, -7.036732357431367e-20, -1.360560538234897e-17, 0.0, 0.0, 0.0, -7.036732357431365e-20, 9.965694287230912e-07, -5.562414832854894e-28, 0.0, 0.0, 0.0, -1.3605605382348968e-17, -5.562424643060548e-28, 9.965694287230912e-07, 0.0, -134.7333101193899, -10.344763995774116, 0.0, 0.0, 0.0, 216.45519924916943,0.000259551918851,-1.61133030657e-06,0.0,0.0,0.0,0.0,3.237853060282587e-06, 0.0, 0.0, 0.0, 0.0, 0.0, 0.0, 3.237853060282587e-06, 0.0, 0.0, 0.0, 0.0, 0.0, 0.0, 9.974226628698565e-07, -2.801691004450716e-26, 1.637743138208517e-26, 0.0, 0.0, 0.0, -2.8016910044507167e-26, 9.898467269564934e-07, -9.792194388028465e-34, 0.0, 0.0, 0.0, 1.637743138208517e-26, 9.792194388028903e-34, 9.898467269564934e-07, 0.0, 0.0, 0.0, 0.0, 0.0, 0.0, 3.2270997694800533e-06
1492028618630693564,108228,1492028618,575931072,-0.12735785396,0.718362416082,0.0,0.0,0.0,0.866079143045,0.499906909316,312.38268256807015, 4.100658711535962, 0.0, 0.0, 0.0, -134.73331011939655, 4.100658711539232, 207.71675317676275, 0.0, 0.0, 0.0, -10.344763995774294, 0.0, 0.0, 9.98278823683056e-07, -7.036732357431367e-20, -1.360560538234897e-17, 0.0, 0.0, 0.0, -7.036732357431365e-20, 9.965694287230912e-07, -5.562414832854894e-28, 0.0, 0.0, 0.0, -1.3605605382348968e-17, -5.562424643060548e-28, 9.965694287230912e-07, 0.0, -134.7333101193899, -10.344763995774116, 0.0, 0.0, 0.0, 216.45519924916943,0.000259551918851,-1.61133030657e-06,0.0,0.0,0.0,0.0,3.237853060282587e-06, 0.0, 0.0, 0.0, 0.0, 0.0, 0.0, 3.237853060282587e-06, 0.0, 0.0, 0.0, 0.0, 0.0, 0.0, 9.974226628698565e-07, -2.801691004450716e-26, 1.637743138208517e-26, 0.0, 0.0, 0.0, -2.8016910044507167e-26, 9.898467269564934e-07, -9.792194388028465e-34, 0.0, 0.0, 0.0, 1.637743138208517e-26, 9.792194388028903e-34, 9.898467269564934e-07, 0.0, 0.0, 0.0, 0.0, 0.0, 0.0, 3.2270997694800533e-06
1492028618670706384,108229,1492028618,616003990,-0.127362779436,0.718370916674,0.0,0.0,0.0,0.866079143045,0.499906909316,312.38708279984473, 4.101441335708939, 0.0, 0.0, 0.0, -134.73523520443652, 4.101441335712211, 207.71886290443467, 0.0, 0.0, 0.0, -10.345873499253525, 0.0, 0.0, 9.983375213886154e-07, 9.943210537910778e-20, -1.2871280892228165e-17, 0.0, 0.0, 0.0, 9.943210537910777e-20, 9.966860348637022e-07, 7.698255793926095e-28, 0.0, 0.0, 0.0, -1.287128089222816e-17, 7.698249293912533e-28, 9.966860348637022e-07, 0.0, -134.73523520442987, -10.345873499253347, 0.0, 0.0, 0.0, 216.45760362560156,0.000191522746318,7.41447538321e-07,0.0,0.0,0.0,0.0,3.352539676849937e-06, 0.0, 0.0, 0.0, 0.0, 0.0, 0.0, 3.352539676849937e-06, 0.0, 0.0, 0.0, 0.0, 0.0, 0.0, 9.975104126303063e-07, -2.671053354779907e-26, 1.5155043112069306e-26, 0.0, 0.0, 0.0, -2.671053354779903e-26, 9.901873308801291e-07, -1.6956781198522867e-33, 0.0, 0.0, 0.0, 1.5155043112069303e-26, 1.6956781198523086e-33, 9.901873308801291e-07, 0.0, 0.0, 0.0, 0.0, 0.0, 0.0, 3.341375468196491e-06
1492028618714719667,108230,1492028618,656056881,-0.127365263119,0.718375122035,0.0,0.0,0.0,0.866079143045,0.499906909316,312.3903696681254, 4.101866710626522, 0.0, 0.0, 0.0, -134.73626676091615, 4.101866710629801, 207.72092333150135, 0.0, 0.0, 0.0, -10.346477669026367, 0.0, 0.0, 9.980652176345117e-07, 3.6729270042829687e-20, -5.1328346593271556e-18, 0.0, 0.0, 0.0, 3.6729270042829675e-20, 9.961453191849317e-07, 9.74405236804521e-29, 0.0, 0.0, 0.0, -5.132834659327156e-18, 9.74397653455365e-29, 9.961453191849317e-07, 0.0, -134.7362667609095, -10.34647766902619, 0.0, 0.0, 0.0, 216.4600068004628,7.93149318478e-05,9.15042968927e-08,0.0,0.0,0.0,0.0,2.8792525867766533e-06, 0.0, 0.0, 0.0, 0.0, 0.0, 0.0, 2.8792525867766533e-06, 0.0, 0.0, 0.0, 0.0, 0.0, 0.0, 9.971034206966089e-07, -1.0632738131426007e-26, 6.040807098180575e-27, 0.0, 0.0, 0.0, -1.0632738131426009e-26, 9.886105552540428e-07, -1.7317726461785026e-33, 0.0, 0.0, 0.0, 6.040807098180577e-27, 1.7317726461785464e-33, 9.886105552540428e-07, 0.0, 0.0, 0.0, 0.0, 0.0, 0.0, 2.8697856319355065e-06
1492028618754733849,108231,1492028618,696171999,-0.127366473943,0.718377141371,0.0,0.0,0.0,0.866079143045,0.499906909316,312.39291322918916, 4.102048927594887, 0.0, 0.0, 0.0, -134.7366987449514, 4.102048927598164, 207.7229539280164, 0.0, 0.0, 0.0, -10.346737236937823, 0.0, 0.0, 9.983398508382377e-07, 9.021619164252592e-20, -3.4625298135893665e-18, 0.0, 0.0, 0.0, 9.021619164252587e-20, 9.966906632430847e-07, 1.8816089398742275e-28, 0.0, 0.0, 0.0, -3.4625298135893646e-18, 1.881616402852762e-28, 9.966906632430847e-07, 0.0, -134.73669874494476, -10.346737236937646, 0.0, 0.0, 0.0, 216.46241370886813,0.000101494357459,1.29647866369e-07,0.0,0.0,0.0,0.0,3.357263644270527e-06, 0.0, 0.0, 0.0, 0.0, 0.0, 0.0, 3.357263644270527e-06, 0.0, 0.0, 0.0, 0.0, 0.0, 0.0, 9.975138953137299e-07, -7.262492677075857e-27, 3.946461348876708e-27, 0.0, 0.0, 0.0, -7.26249267707586e-27, 9.902008640171419e-07, 2.7378056636983296e-33, 0.0, 0.0, 0.0, 3.946461348876709e-27, -2.737805663698242e-33, 9.902008640171419e-07, 0.0, 0.0, 0.0, 0.0, 0.0, 0.0, 3.3460853746881504e-06
1492028618754761041,108232,1492028618,736804008,-0.127368212689,0.718380158868,0.0,0.0,0.0,0.866079143045,0.499906909316,312.3958650050017, 4.102348496815281, 0.0, 0.0, 0.0, -134.73743788153695, 4.102348496818559, 207.72502613966594, 0.0, 0.0, 0.0, -10.347161752044281, 0.0, 0.0, 9.98434647031828e-07, 5.83798099245682e-20, -4.017139611890771e-18, 0.0, 0.0, 0.0, 5.837980992456818e-20, 9.968790412311606e-07, 1.4975561200278092e-28, 0.0, 0.0, 0.0, -4.0171396118907704e-18, 1.4988232615605945e-28, 9.968790412311606e-07, 0.0, -134.7374378815303, -10.347161752044103, 0.0, 0.0, 0.0, 216.4648516308434,2.58180844747e-05,-9.29377723459e-07,0.0,0.0,0.0,0.0,3.5612298753867853e-06, 0.0, 0.0, 0.0, 0.0, 0.0, 0.0, 3.5612298753867853e-06, 0.0, 0.0, 0.0, 0.0, 0.0, 0.0, 9.976556329341907e-07, -8.381005608114398e-27, 4.680107586864021e-27, 0.0, 0.0, 0.0, -8.381005608114398e-27, 9.907518219171602e-07, 1.9965629359984436e-33, 0.0, 0.0, 0.0, 4.68010758686402e-27, -1.9965629359983888e-33, 9.907518219171602e-07, 0.0, 0.0, 0.0, 0.0, 0.0, 0.0, 3.549332047963592e-06
1492028618794730014,108233,1492028618,776173115,-0.127367408297,0.71837881178,0.0,0.0,0.0,0.866079143045,0.499906909316,312.39757154113823, 4.102257547032361, 0.0, 0.0, 0.0, -134.7372274642087, 4.102257547035641, 207.72698219599977, 0.0, 0.0, 0.0, -10.347031792823907, 0.0, 0.0, 9.983407176939131e-07, -3.0445905145021757e-20, 2.914586789683981e-18, 0.0, 0.0, 0.0, -3.0445905145021757e-20, 9.966923851197014e-07, 5.355005478798069e-29, 0.0, 0.0, 0.0, 2.9145867896839804e-18, 5.340861930768976e-29, 9.966923851197014e-07, 0.0, -134.73722746420205, -10.34703179282373, 0.0, 0.0, 0.0, 216.46721377853635,-4.80409940387e-05,-8.29800234084e-07,0.0,0.0,0.0,0.0,3.359014370785528e-06, 0.0, 0.0, 0.0, 0.0, 0.0, 0.0, 3.359014370785528e-06, 0.0, 0.0, 0.0, 0.0, 0.0, 0.0, 9.975151911716772e-07, 6.057093912732536e-27, -3.414922703906665e-27, 0.0, 0.0, 0.0, 6.057093912732536e-27, 9.902058840079145e-07, 6.152953911520066e-34, 0.0, 0.0, 0.0, -3.414922703906664e-27, -6.152953911519628e-34, 9.902058840079145e-07, 0.0, 0.0, 0.0, 0.0, 0.0, 0.0, 3.3478250825970215e-06
1492028618818490943,108234,1492028618,776173115,-0.127367408297,0.71837881178,0.0,0.0,0.0,0.866079143045,0.499906909316,312.39757154113823, 4.102257547032361, 0.0, 0.0, 0.0, -134.7372274642087, 4.102257547035641, 207.72698219599977, 0.0, 0.0, 0.0, -10.347031792823907, 0.0, 0.0, 9.983407176939131e-07, -3.0445905145021757e-20, 2.914586789683981e-18, 0.0, 0.0, 0.0, -3.0445905145021757e-20, 9.966923851197014e-07, 5.355005478798069e-29, 0.0, 0.0, 0.0, 2.9145867896839804e-18, 5.340861930768976e-29, 9.966923851197014e-07, 0.0, -134.73722746420205, -10.34703179282373, 0.0, 0.0, 0.0, 216.46721377853635,-4.80409940387e-05,-8.29800234084e-07,0.0,0.0,0.0,0.0,3.359014370785528e-06, 0.0, 0.0, 0.0, 0.0, 0.0, 0.0, 3.359014370785528e-06, 0.0, 0.0, 0.0, 0.0, 0.0, 0.0, 9.975151911716772e-07, 6.057093912732536e-27, -3.414922703906665e-27, 0.0, 0.0, 0.0, 6.057093912732536e-27, 9.902058840079145e-07, 6.152953911520066e-34, 0.0, 0.0, 0.0, -3.414922703906664e-27, -6.152953911519628e-34, 9.902058840079145e-07, 0.0, 0.0, 0.0, 0.0, 0.0, 0.0, 3.3478250825970215e-06
1492028618854698069,108235,1492028618,816272020,-0.127365515123,0.718375534049,0.0,0.0,0.0,0.866079143045,0.499906909316,312.3987702992363, 4.1019920604408435, 0.0, 0.0, 0.0, -134.7365798327, 4.101992060444128, 207.72895114712867, 0.0, 0.0, 0.0, -10.346654995564931, 0.0, 0.0, 9.983377189620885e-07, 2.382971347408178e-20, 6.345204368576501e-18, 0.0, 0.0, 0.0, 2.3829713474081773e-20, 9.966864268827284e-07, -9.103253345830044e-29, 0.0, 0.0, 0.0, 6.345204368576503e-18, -9.089117020038241e-29, 9.966864268827284e-07, 0.0, -134.73657983269334, -10.346654995564753, 0.0, 0.0, 0.0, 216.46961971424122,-0.000102268177834,-1.01570475008e-07,0.0,0.0,0.0,0.0,3.3529284411807567e-06, 0.0, 0.0, 0.0, 0.0, 0.0, 0.0, 3.3529284411807567e-06, 0.0, 0.0, 0.0, 0.0, 0.0, 0.0, 9.975107078461965e-07, 1.3075091650089053e-26, -7.618286609833386e-27, 0.0, 0.0, 0.0, 1.307509165008906e-26, 9.901884608026822e-07, -6.945390733913047e-34, 0.0, 0.0, 0.0, -7.618286609833386e-27, 6.945390733913047e-34, 9.901884608026822e-07, 0.0, 0.0, 0.0, 0.0, 0.0, 0.0, 3.341756825469455e-06
1492028618894731136,108236,1492028618,856312037,-0.12736506232,0.718374810107,0.0,0.0,0.0,0.866079143045,0.499906909316,312.40037187915937, 4.101859377195586, 0.0, 0.0, 0.0, -134.73625815012838, 4.101859377198871, 207.73093515795793, 0.0, 0.0, 0.0, -10.346466526868777, 0.0, 0.0, 9.98332405441506e-07, 3.248406569220133e-21, -1.9146623175286342e-18, 0.0, 0.0, 0.0, 3.248406569220133e-21, 9.966758707276587e-07, 3.728997595384719e-30, 0.0, 0.0, 0.0, -1.9146623175286346e-18, 3.7302073201310374e-30, 9.966758707276587e-07, 0.0, -134.73625815012173, -10.3464665268686, 0.0, 0.0, 0.0, 216.4720221165763,8.83754591006e-05,6.12449717376e-07,0.0,0.0,0.0,0.0,3.3422237597463744e-06, 0.0, 0.0, 0.0, 0.0, 0.0, 0.0, 3.3422237597463744e-06, 0.0, 0.0, 0.0, 0.0, 0.0, 0.0, 9.975027641853055e-07, -3.959260420394028e-27, 2.2780670399491803e-27, 0.0, 0.0, 0.0, -3.959260420394028e-27, 9.901576307879688e-07, 1.4262783443874092e-33, 0.0, 0.0, 0.0, 2.2780670399491792e-27, -1.4262783443873873e-33, 9.901576307879688e-07, 0.0, 0.0, 0.0, 0.0, 0.0, 0.0, 3.3310971335914114e-06
1492028618934649214,108237,1492028618,896344900,-0.127368321398,0.718380466336,0.0,0.0,0.0,0.866079143045,0.499906909316,312.4037975370361, 4.102326908850969, 0.0, 0.0, 0.0, -134.73740206596426, 4.102326908854253, 207.73300023606342, 0.0, 0.0, 0.0, -10.347129835964124, 0.0, 0.0, 9.983268575284246e-07, 1.3247344255313334e-20, -1.128957155677195e-17, 0.0, 0.0, 0.0, 1.3247344255313334e-20, 9.966648484899991e-07, 8.93870911361889e-29, 0.0, 0.0, 0.0, -1.128957155677195e-17, 8.938655548692311e-29, 9.966648484899991e-07, 0.0, -134.7374020659576, -10.347129835963946, 0.0, 0.0, 0.0, 216.47442408975778,0.000191620320858,-5.73352528538e-07,0.0,0.0,0.0,0.0,3.3311054518579247e-06, 0.0, 0.0, 0.0, 0.0, 0.0, 0.0, 3.3311054518579247e-06, 0.0, 0.0, 0.0, 0.0, 0.0, 0.0, 9.974944699913349e-07, -2.3338155596982804e-26, 1.344448457984035e-26, 0.0, 0.0, 0.0, -2.3338155596982815e-26, 9.90125422189046e-07, -5.369011610512003e-34, 0.0, 0.0, 0.0, 1.3444484579840355e-26, 5.369011610511729e-34, 9.90125422189046e-07, 0.0, 0.0, 0.0, 0.0, 0.0, 0.0, 3.320017868544619e-06
1492028618974696605,108238,1492028618,936677933,-0.127368853052,0.718381262641,0.0,0.0,0.0,0.866079143045,0.499906909316,312.4064277026725, 4.102529895682632, 0.0, 0.0, 0.0, -134.73789489099215, 4.1025298956859135, 207.73504447359636, 0.0, 0.0, 0.0, -10.347418114984299, 0.0, 0.0, 9.983121121195489e-07, 1.1829277752447922e-20, 3.865654250243763e-18, 0.0, 0.0, 0.0, 1.1829277752447921e-20, 9.966355552533279e-07, -2.716557288479116e-29, 0.0, 0.0, 0.0, 3.865654250243763e-18, -2.701825128110769e-29, 9.966355552533279e-07, 0.0, -134.7378948909855, -10.347418114984121, 0.0, 0.0, 0.0, 216.47684407311135,-0.000136606241093,1.16743871398e-06,0.0,0.0,0.0,0.0,3.301927863619347e-06, 0.0, 0.0, 0.0, 0.0, 0.0, 0.0, 3.301927863619347e-06, 0.0, 0.0, 0.0, 0.0, 0.0, 0.0, 9.974724261366075e-07, 7.974645848867412e-27, -4.639061446111356e-27, 0.0, 0.0, 0.0, 7.974645848867412e-27, 9.9003986123529e-07, 9.584825554823702e-34, 0.0, 0.0, 0.0, -4.6390614461113546e-27, -9.584825554826329e-34, 9.9003986123529e-07, 0.0, 0.0, 0.0, 0.0, 0.0, 0.0, 3.290952389984752e-06
1492028619014648874,108239,1492028618,976553917,-0.127365041973,0.718374586092,0.0,0.0,0.0,0.866079143045,0.499906909316,312.40674974502303, 4.101988275082622, 0.0, 0.0, 0.0, -134.73655189191572, 4.1019882750859065, 207.7369649713357, 0.0, 0.0, 0.0, -10.34665104564917, 0.0, 0.0, 9.983285377300364e-07, 4.788524577008338e-20, 1.0795282546219926e-17, 0.0, 0.0, 0.0, 4.788524577008339e-20, 9.966681863789519e-07, -3.091985854219878e-28, 0.0, 0.0, 0.0, 1.0795282546219932e-17, -3.093432709090599e-28, 9.966681863789519e-07, 0.0, -134.73655189190907, -10.346651045648992, 0.0, 0.0, 0.0, 216.4792366335076,-0.000238982783608,-2.40833866925e-07,0.0,0.0,0.0,0.0,3.334460557753097e-06, 0.0, 0.0, 0.0, 0.0, 0.0, 0.0, 3.334460557753097e-06, 0.0, 0.0, 0.0, 0.0, 0.0, 0.0, 9.974969818388698e-07, 2.224120327411161e-26, -1.2979256545204126e-26, 0.0, 0.0, 0.0, 2.2241203274111613e-26, 9.90135169571151e-07, 1.3429481652855195e-34, 0.0, 0.0, 0.0, -1.2979256545204132e-26, -1.342948165285629e-34, 9.90135169571151e-07, 0.0, 0.0, 0.0, 0.0, 0.0, 0.0, 3.323358827304255e-06
1492028619054663729,108240,1492028618,976553917,-0.127365041973,0.718374586092,0.0,0.0,0.0,0.866079143045,0.499906909316,312.40674974502303, 4.101988275082622, 0.0, 0.0, 0.0, -134.73655189191572, 4.1019882750859065, 207.7369649713357, 0.0, 0.0, 0.0, -10.34665104564917, 0.0, 0.0, 9.983285377300364e-07, 4.788524577008338e-20, 1.0795282546219926e-17, 0.0, 0.0, 0.0, 4.788524577008339e-20, 9.966681863789519e-07, -3.091985854219878e-28, 0.0, 0.0, 0.0, 1.0795282546219932e-17, -3.093432709090599e-28, 9.966681863789519e-07, 0.0, -134.73655189190907, -10.346651045648992, 0.0, 0.0, 0.0, 216.4792366335076,-0.000238982783608,-2.40833866925e-07,0.0,0.0,0.0,0.0,3.334460557753097e-06, 0.0, 0.0, 0.0, 0.0, 0.0, 0.0, 3.334460557753097e-06, 0.0, 0.0, 0.0, 0.0, 0.0, 0.0, 9.974969818388698e-07, 2.224120327411161e-26, -1.2979256545204126e-26, 0.0, 0.0, 0.0, 2.2241203274111613e-26, 9.90135169571151e-07, 1.3429481652855195e-34, 0.0, 0.0, 0.0, -1.2979256545204132e-26, -1.342948165285629e-34, 9.90135169571151e-07, 0.0, 0.0, 0.0, 0.0, 0.0, 0.0, 3.323358827304255e-06
1492028619054691572,108241,1492028619,17158031,-0.127355996851,0.718358846032,0.0,0.0,0.0,0.866079143045,0.499906909316,312.4050421886831, 4.1007639914063185, 0.0, 0.0, 0.0, -134.73354911711726, 4.100763991409607, 207.73882922694543, 0.0, 0.0, 0.0, -10.344914546384365, 0.0, 0.0, 9.98407582406553e-07, -4.2969788745174067e-20, 2.9656965342055335e-17, 0.0, 0.0, 0.0, -4.2969788745174055e-20, 9.968252515742934e-07, 8.0026367438331025e-28, 0.0, 0.0, 0.0, 2.965696534205533e-17, 8.002624285473775e-28, 9.968252515742934e-07, 0.0, -134.7335491171106, -10.344914546384187, 0.0, 0.0, 0.0, 216.48167288178485,-0.000669762783265,2.28392809076e-08,0.0,0.0,0.0,0.0,3.5005227422406458e-06, 0.0, 0.0, 0.0, 0.0, 0.0, 0.0, 3.5005227422406458e-06, 0.0, 0.0, 0.0, 0.0, 0.0, 0.0, 9.97615163684928e-07, 6.139420288435729e-26, -3.534503442875424e-26, 0.0, 0.0, 0.0, 6.139420288435725e-26, 9.905944214434134e-07, -1.6239794658629044e-34, 0.0, 0.0, 0.0, -3.534503442875423e-26, 1.2933937342367084e-33, 9.905944214434134e-07, 0.0, 0.0, 0.0, 0.0, 0.0, 0.0, 3.4888409372275225e-06
1492028619094680458,108242,1492028619,56802988,-0.127341392518,0.718333579861,0.0,0.0,0.0,0.866079143045,0.499906909316,312.4001236864582, 4.0985059044965295, 0.0, 0.0, 0.0, -134.72800510659556, 4.098505904499817, 207.7405054636121, 0.0, 0.0, 0.0, -10.341711914877823, 0.0, 0.0, 9.983682937945177e-07, -4.076871052519506e-20, 3.915807703591221e-17, 0.0, 0.0, 0.0, -4.076871052519506e-20, 9.967471766661871e-07, 9.783775696298483e-28, 0.0, 0.0, 0.0, 3.915807703591219e-17, 9.783784302797922e-28, 9.96747176666187e-07, 0.0, -134.7280051065889, -10.341711914877644, 0.0, 0.0, 0.0, 216.48405158051165,-0.000595858972084,3.76341772609e-07,0.0,0.0,0.0,0.0,3.415958985589986e-06, 0.0, 0.0, 0.0, 0.0, 0.0, 0.0, 3.415958985589986e-06, 0.0, 0.0, 0.0, 0.0, 0.0, 0.0, 9.975564197087057e-07, 8.095014960868352e-26, -4.664746182426382e-26, 0.0, 0.0, 0.0, 8.095014960868352e-26, 9.903660459578452e-07, 4.414324573336507e-33, 0.0, 0.0, 0.0, -4.664746182426381e-26, 5.0908167945265366e-33, 9.903660459578452e-07, 0.0, 0.0, 0.0, 0.0, 0.0, 0.0, 3.404565899761851e-06
1492028619118920111,108243,1492028619,96673012,-0.127332772774,0.718318712434,0.0,0.0,0.0,0.866079143045,0.499906909316,312.3977784020057, 4.0970873825799865, 0.0, 0.0, 0.0, -134.72451919789964, 4.097087382583273, 207.7423067982896, 0.0, 0.0, 0.0, -10.339700119182284, 0.0, 0.0, 9.983261764658223e-07, -3.340459894210726e-20, 2.0176679377532332e-17, 0.0, 0.0, 0.0, -3.3404598942107264e-20, 9.966634953776149e-07, 4.025946923304132e-28, 0.0, 0.0, 0.0, 2.0176679377532332e-17, 4.0273916716889764e-28, 9.966634953776149e-07, 0.0, -134.724519197893, -10.339700119182105, 0.0, 0.0, 0.0, 216.48644378329058,-0.000309200203879,-3.32933736464e-07,0.0,0.0,0.0,0.0,3.3297448378998954e-06, 0.0, 0.0, 0.0, 0.0, 0.0, 0.0, 3.3297448378998954e-06, 0.0, 0.0, 0.0, 0.0, 0.0, 0.0, 9.974934517893714e-07, 4.1720381072343636e-26, -2.4007215478994926e-26, 0.0, 0.0, 0.0, 4.172038107234362e-26, 9.901214672441444e-07, -5.014877976423698e-34, 0.0, 0.0, 0.0, -2.400721547899492e-26, 2.313742612753707e-33, 9.901214672441444e-07, 0.0, 0.0, 0.0, 0.0, 0.0, 0.0, 3.318661587108048e-06
1492028619158686854,108244,1492028619,136758089,-0.127326870293,0.718308431538,0.0,0.0,0.0,0.866079143045,0.499906909316,312.39712612836195, 4.09622093140463, 0.0, 0.0, 0.0, -134.72238478710224, 4.096220931407922, 207.7441937363367, 0.0, 0.0, 0.0, -10.338471618395621, 0.0, 0.0, 9.983343920627396e-07, 6.907931074948267e-20, 1.7127168588846473e-17, 0.0, 0.0, 0.0, 6.907931074948269e-20, 9.966798174181567e-07, -7.102597439971205e-28, 0.0, 0.0, 0.0, 1.7127168588846476e-17, -7.104021905906322e-28, 9.966798174181567e-07, 0.0, -134.7223847870956, -10.338471618395442, 0.0, 0.0, 0.0, 216.48884888929456,-0.000400661375265,6.26719533534e-07,0.0,0.0,0.0,0.0,3.346217479886681e-06, 0.0, 0.0, 0.0, 0.0, 0.0, 0.0, 3.346217479886681e-06, 0.0, 0.0, 0.0, 0.0, 0.0, 0.0, 9.975057341474123e-07, 3.5296183887895203e-26, -2.057868218762138e-26, 0.0, 0.0, 0.0, 3.529618388789519e-26, 9.901691563840193e-07, -3.734021381186816e-34, 0.0, 0.0, 0.0, -2.0578682187621373e-26, 3.7340213811866454e-34, 9.901691563840193e-07, 0.0, 0.0, 0.0, 0.0, 0.0, 0.0, 3.3350737615697275e-06
1492028619198665519,108245,1492028619,176834106,-0.127313494028,0.718285191134,0.0,0.0,0.0,0.866079143045,0.499906909316,312.3934208919878, 4.094353601814825, 0.0, 0.0, 0.0, -134.71779766584515, 4.094353601818121, 207.74594461375287, 0.0, 0.0, 0.0, -10.335822864977361, 0.0, 0.0, 9.983349078371838e-07, -3.231125825998097e-20, 4.510572669771519e-17, 0.0, 0.0, 0.0, -3.2311258259980963e-20, 9.966808422442442e-07, 8.753516504991477e-28, 0.0, 0.0, 0.0, 4.510572669771519e-17, 8.752086802934323e-28, 9.966808422442442e-07, 0.0, -134.7177976658385, -10.335822864977182, 0.0, 0.0, 0.0, 216.49125345170498,-0.000879001779631,-1.1934470984e-06,0.0,0.0,0.0,0.0,3.347259452011327e-06, 0.0, 0.0, 0.0, 0.0, 0.0, 0.0, 3.347259452011327e-06, 0.0, 0.0, 0.0, 0.0, 0.0, 0.0, 9.975065052746934e-07, 9.321803615146597e-26, -5.375716511273562e-26, 0.0, 0.0, 0.0, 9.321803615146593e-26, 9.901721542903534e-07, 2.3343934791623134e-33, 0.0, 0.0, 0.0, -5.375716511273558e-26, 7.247892705326076e-33, 9.901721542903534e-07, 0.0, 0.0, 0.0, 0.0, 0.0, 0.0, 3.3361132318674184e-06
1492028619238714194,108246,1492028619,176834106,-0.127313494028,0.718285191134,0.0,0.0,0.0,0.866079143045,0.499906909316,312.3934208919878, 4.094353601814825, 0.0, 0.0, 0.0, -134.71779766584515, 4.094353601818121, 207.74594461375287, 0.0, 0.0, 0.0, -10.335822864977361, 0.0, 0.0, 9.983349078371838e-07, -3.231125825998097e-20, 4.510572669771519e-17, 0.0, 0.0, 0.0, -3.2311258259980963e-20, 9.966808422442442e-07, 8.753516504991477e-28, 0.0, 0.0, 0.0, 4.510572669771519e-17, 8.752086802934323e-28, 9.966808422442442e-07, 0.0, -134.7177976658385, -10.335822864977182, 0.0, 0.0, 0.0, 216.49125345170498,-0.000879001779631,-1.1934470984e-06,0.0,0.0,0.0,0.0,3.347259452011327e-06, 0.0, 0.0, 0.0, 0.0, 0.0, 0.0, 3.347259452011327e-06, 0.0, 0.0, 0.0, 0.0, 0.0, 0.0, 9.975065052746934e-07, 9.321803615146597e-26, -5.375716511273562e-26, 0.0, 0.0, 0.0, 9.321803615146593e-26, 9.901721542903534e-07, 2.3343934791623134e-33, 0.0, 0.0, 0.0, -5.375716511273558e-26, 7.247892705326076e-33, 9.901721542903534e-07, 0.0, 0.0, 0.0, 0.0, 0.0, 0.0, 3.3361132318674184e-06
1492028619278711704,108247,1492028619,216943979,-0.127297609669,0.718257752407,0.0,0.0,0.0,0.866079143045,0.499906909316,312.38772781058725, 4.091833843190006, 0.0, 0.0, 0.0, -134.71161167991104, 4.091833843193303, 207.74760885238624, 0.0, 0.0, 0.0, -10.332248038653157, 0.0, 0.0, 9.983102351047888e-07, 1.5739470560212473e-20, 4.168231565382602e-17, 0.0, 0.0, 0.0, 1.5739470560212476e-20, 9.966318251558215e-07, -3.8825479574348913e-28, 0.0, 0.0, 0.0, 4.168231565382603e-17, -3.8825412768653967e-28, 9.966318251558217e-07, 0.0, -134.7116116799044, -10.332248038652978, 0.0, 0.0, 0.0, 216.49366004545087,-0.000624463739045,-6.52718613503e-07,0.0,0.0,0.0,0.0,3.298221507746293e-06, 0.0, 0.0, 0.0, 0.0, 0.0, 0.0, 3.298221507746293e-06, 0.0, 0.0, 0.0, 0.0, 0.0, 0.0, 9.974696196916026e-07, 8.604123285314322e-26, -4.9743937174853746e-26, 0.0, 0.0, 0.0, 8.604123285314317e-26, 9.900289269110891e-07, 5.111205557247304e-33, 0.0, 0.0, 0.0, -4.974393717485373e-26, 2.773912614586408e-33, 9.900289269110891e-07, 0.0, 0.0, 0.0, 0.0, 0.0, 0.0, 3.287244495253635e-06
1492028619318697791,108248,1492028619,257030964,-0.127290121098,0.718244870174,0.0,0.0,0.0,0.866079143045,0.499906909316,312.3856503825826, 4.090499738092907, 0.0, 0.0, 0.0, -134.70833171692678, 4.090499738096202, 207.7494326036341, 0.0, 0.0, 0.0, -10.330355528973342, 0.0, 0.0, 9.98315853156711e-07, 1.5724952667608728e-20, 1.3779957627975118e-17, 0.0, 0.0, 0.0, 1.5724952667608734e-20, 9.966429866906552e-07, -1.2873699962883517e-28, 0.0, 0.0, 0.0, 1.3779957627975123e-17, -1.2859156784390963e-28, 9.966429866906552e-07, 0.0, -134.70833171692013, -10.330355528973163, 0.0, 0.0, 0.0, 216.4960652658963,-9.86825881245e-05,-3.59247826401e-07,0.0,0.0,0.0,0.0,3.3092744453892597e-06, 0.0, 0.0, 0.0, 0.0, 0.0, 0.0, 3.3092744453892597e-06, 0.0, 0.0, 0.0, 0.0, 0.0, 0.0, 9.974780186820897e-07, 2.845053578104669e-26, -1.6477413593262834e-26, 0.0, 0.0, 0.0, 2.845053578104669e-26, 9.90061554929421e-07, 2.3600111820518934e-34, 0.0, 0.0, 0.0, -1.6477413593262834e-26, -2.356247819042188e-34, 9.90061554929421e-07, 0.0, 0.0, 0.0, 0.0, 0.0, 0.0, 3.298266549995622e-06
1492028619358673431,108249,1492028619,297005892,-0.127291055574,0.71824653295,0.0,0.0,0.0,0.866079143045,0.499906909316,312.3879166301748, 4.0905868012332265, 0.0, 0.0, 0.0, -134.70854665518118, 4.090586801236523, 207.75144315656843, 0.0, 0.0, 0.0, -10.330478970856815, 0.0, 0.0, 9.98312763857248e-07, -6.250201607397225e-21, -6.032688563220467e-18, 0.0, 0.0, 0.0, -6.250201607397224e-21, 9.966368494800477e-07, -2.2420966225889204e-29, 0.0, 0.0, 0.0, -6.032688563220465e-18, -2.2274312679155192e-29, 9.966368494800477e-07, 0.0, -134.70854665517453, -10.330478970856635, 0.0, 0.0, 0.0, 216.49846376292825,6.89201667763e-05,-1.23793318933e-06,0.0,0.0,0.0,0.0,3.3031961711243836e-06, 0.0, 0.0, 0.0, 0.0, 0.0, 0.0, 3.3031961711243836e-06, 0.0, 0.0, 0.0, 0.0, 0.0, 0.0, 9.974734002965456e-07, -1.2455421740051668e-26, 7.211926852145594e-27, 0.0, 0.0, 0.0, -1.2455421740051669e-26, 9.900436265073294e-07, -1.1147482186376659e-33, 0.0, 0.0, 0.0, 7.211926852145594e-27, 1.1147482186377096e-33, 9.900436265073294e-07, 0.0, 0.0, 0.0, 0.0, 0.0, 0.0, 3.2922100349204336e-06
1492028619358691162,108250,1492028619,337074041,-0.12728944849,0.718243679774,0.0,0.0,0.0,0.866079143045,0.499906909316,312.3894311910876, 4.090427689121433, 0.0, 0.0, 0.0, -134.70815380194017, 4.090427689124726, 207.7534250618805, 0.0, 0.0, 0.0, -10.330253375911521, 0.0, 0.0, 9.983107660157494e-07, 3.4686224687279506e-20, 8.500614894609982e-18, 0.0, 0.0, 0.0, 3.4686224687279506e-20, 9.966328803667815e-07, -1.7454916141981614e-28, 0.0, 0.0, 0.0, 8.500614894609981e-18, -1.7454895077122847e-28, 9.966328803667815e-07, 0.0, -134.70815380193352, -10.330253375911342, 0.0, 0.0, 0.0, 216.50086785326957,-0.000158580768197,6.27365199914e-07,0.0,0.0,0.0,0.0,3.299272157149876e-06, 0.0, 0.0, 0.0, 0.0, 0.0, 0.0, 3.299272157149876e-06, 0.0, 0.0, 0.0, 0.0, 0.0, 0.0, 9.97470413540156e-07, 1.7516369307338625e-26, -1.0213646462371609e-26, 0.0, 0.0, 0.0, 1.7516369307338628e-26, 9.900320249734024e-07, -9.191979791071686e-34, 0.0, 0.0, 0.0, -1.0213646462371609e-26, 9.191979791072562e-34, 9.900320249734024e-07, 0.0, 0.0, 0.0, 0.0, 0.0, 0.0, 3.2882972973627624e-06
1492028619398670461,108251,1492028619,377127886,-0.127287015572,0.718239475157,0.0,0.0,0.0,0.866079143045,0.499906909316,312.3902985289951, 4.090056224765243, 0.0, 0.0, 0.0, -134.70724141241354, 4.090056224768542, 207.75537748611535, 0.0, 0.0, 0.0, -10.329726326143312, 0.0, 0.0, 9.982730835733745e-07, 3.770215189237908e-20, 4.790040416229065e-18, 0.0, 0.0, 0.0, 3.7702151892379064e-20, 9.965580272139768e-07, -1.0457540199333308e-28, 0.0, 0.0, 0.0, 4.790040416229066e-18, -1.0457696079288182e-28, 9.965580272139768e-07, 0.0, -134.7072414124069, -10.329726326143133, 0.0, 0.0, 0.0, 216.50327108530809,-0.000147518707512,1.20448201741e-07,0.0,0.0,0.0,0.0,3.227057633530673e-06, 0.0, 0.0, 0.0, 0.0, 0.0, 0.0, 3.227057633530673e-06, 0.0, 0.0, 0.0, 0.0, 0.0, 0.0, 9.974140823010472e-07, 9.848660891552392e-27, -5.792789972405551e-27, 0.0, 0.0, 0.0, 9.848660891552398e-27, 9.898134421082077e-07, -2.0248669912310455e-33, 0.0, 0.0, 0.0, -5.792789972405551e-27, 2.024866991231111e-33, 9.898134421082077e-07, 0.0, 0.0, 0.0, 0.0, 0.0, 0.0, 3.2163437391148153e-06
1492028619418455821,108252,1492028619,377127886,-0.127287015572,0.718239475157,0.0,0.0,0.0,0.866079143045,0.499906909316,312.3902985289951, 4.090056224765243, 0.0, 0.0, 0.0, -134.70724141241354, 4.090056224768542, 207.75537748611535, 0.0, 0.0, 0.0, -10.329726326143312, 0.0, 0.0, 9.982730835733745e-07, 3.770215189237908e-20, 4.790040416229065e-18, 0.0, 0.0, 0.0, 3.7702151892379064e-20, 9.965580272139768e-07, -1.0457540199333308e-28, 0.0, 0.0, 0.0, 4.790040416229066e-18, -1.0457696079288182e-28, 9.965580272139768e-07, 0.0, -134.7072414124069, -10.329726326143133, 0.0, 0.0, 0.0, 216.50327108530809,-0.000147518707512,1.20448201741e-07,0.0,0.0,0.0,0.0,3.227057633530673e-06, 0.0, 0.0, 0.0, 0.0, 0.0, 0.0, 3.227057633530673e-06, 0.0, 0.0, 0.0, 0.0, 0.0, 0.0, 9.974140823010472e-07, 9.848660891552392e-27, -5.792789972405551e-27, 0.0, 0.0, 0.0, 9.848660891552398e-27, 9.898134421082077e-07, -2.0248669912310455e-33, 0.0, 0.0, 0.0, -5.792789972405551e-27, 2.024866991231111e-33, 9.898134421082077e-07, 0.0, 0.0, 0.0, 0.0, 0.0, 0.0, 3.2163437391148153e-06
1492028619454658681,108253,1492028619,417195082,-0.127281491712,0.71822988436,0.0,0.0,0.0,0.866079143045,0.499906909316,312.389968301477, 4.089292552328287, 0.0, 0.0, 0.0, -134.70536608198574, 4.089292552331586, 207.75727747782102, 0.0, 0.0, 0.0, -10.328642725789203, 0.0, 0.0, 9.982608822217338e-07, 2.194355826785357e-20, 1.9639712187015075e-17, 0.0, 0.0, 0.0, 2.1943558267853566e-20, 9.96533792762623e-07, -2.47806589271762e-28, 0.0, 0.0, 0.0, 1.963971218701508e-17, -2.478070526986549e-28, 9.965337927626232e-07, 0.0, -134.7053660819791, -10.328642725789024, 0.0, 0.0, 0.0, 216.50567511842593,-0.000355960273448,-3.7026583943e-07,0.0,0.0,0.0,0.0,3.2043490088412785e-06, 0.0, 0.0, 0.0, 0.0, 0.0, 0.0, 3.2043490088412785e-06, 0.0, 0.0, 0.0, 0.0, 0.0, 0.0, 9.973958435338265e-07, 4.054185502618658e-26, -2.3478914498336424e-26, 0.0, 0.0, 0.0, 4.0541855026186595e-26, 9.89742705842488e-07, -5.022700733438327e-34, 0.0, 0.0, 0.0, -2.3478914498336424e-26, 5.022700733438049e-34, 9.89742705842488e-07, 0.0, 0.0, 0.0, 0.0, 0.0, 0.0, 3.1937189045534674e-06
1492028619494708446,108254,1492028619,457418919,-0.127278675586,0.718225114484,0.0,0.0,0.0,0.866079143045,0.499906909316,312.39016293912897, 4.088695914456378, 0.0, 0.0, 0.0, -134.70390621781672, 4.088695914459681, 207.7592078835383, 0.0, 0.0, 0.0, -10.327795702457323, 0.0, 0.0, 9.983661963192393e-07, 4.1740936093987546e-20, 1.109097391880108e-18, 0.0, 0.0, 0.0, 4.174093609398753e-20, 9.967430088870922e-07, -2.847264737126709e-29, 0.0, 0.0, 0.0, 1.109097391880108e-18, -2.8198015779728546e-29, 9.967430088870922e-07, 0.0, -134.70390621781007, -10.327795702457143, 0.0, 0.0, 0.0, 216.50808855000176,0.000105243417775,-1.30254144399e-07,0.0,0.0,0.0,0.0,3.4115590949981056e-06, 0.0, 0.0, 0.0, 0.0, 0.0, 0.0, 3.4115590949981056e-06, 0.0, 0.0, 0.0, 0.0, 0.0, 0.0, 9.975532837156666e-07, 2.2421942211266973e-27, -1.4101679724679565e-27, 0.0, 0.0, 0.0, 2.2421942211266958e-27, 9.90353859149452e-07, 3.6352180981622368e-34, 0.0, 0.0, 0.0, -1.4101679724679563e-27, -3.635218098147786e-34, 9.90353859149452e-07, 0.0, 0.0, 0.0, 0.0, 0.0, 0.0, 3.4001811806392236e-06
1492028619534665734,108255,1492028619,497381926,-0.127282035788,0.718230922795,0.0,0.0,0.0,0.866079143045,0.499906909316,312.39364439599, 4.089183212220675, 0.0, 0.0, 0.0, -134.7050982482447, 4.089183212223974, 207.76127206516585, 0.0, 0.0, 0.0, -10.328487535014519, 0.0, 0.0, 9.983405207837726e-07, 1.2730473470588411e-20, -1.1221480542786662e-17, 0.0, 0.0, 0.0, 1.2730473470588411e-20, 9.966919941231659e-07, 8.615445985425245e-29, 0.0, 0.0, 0.0, -1.1221480542786669e-17, 8.601427020989429e-29, 9.966919941231659e-07, 0.0, -134.70509824823804, -10.32848753501434, 0.0, 0.0, 0.0, 216.51048633178146,0.000190075210932,-5.68830490523e-07,0.0,0.0,0.0,0.0,3.3586194362710583e-06, 0.0, 0.0, 0.0, 0.0, 0.0, 0.0, 3.3586194362710583e-06, 0.0, 0.0, 0.0, 0.0, 0.0, 0.0, 9.975148968543058e-07, -2.3199878399659748e-26, 1.3366029947280807e-26, 0.0, 0.0, 0.0, -2.3199878399659756e-26, 9.902047482075522e-07, -1.2716868702439442e-33, 0.0, 0.0, 0.0, 1.3366029947280813e-26, 1.2716868702439497e-33, 9.902047482075522e-07, 0.0, 0.0, 0.0, 0.0, 0.0, 0.0, 3.3474342417212565e-06
1492028619574673678,108256,1492028619,547514915,-0.127284177309,0.718234623448,0.0,0.0,0.0,0.866079143045,0.499906909316,312.397319137227, 4.08956350361736, 0.0, 0.0, 0.0, -134.70603695410995, 4.089563503620655, 207.76383019934156, 0.0, 0.0, 0.0, -10.329026797773297, 0.0, 0.0, 9.983260161811354e-07, -8.061539040030785e-20, -2.2672918154838892e-18, 0.0, 0.0, 0.0, -8.061539040030786e-20, 9.966631772012735e-07, -1.0918768522799347e-28, 0.0, 0.0, 0.0, -2.2672918154838892e-18, -1.0918846763703338e-28, 9.966631772012735e-07, 0.0, -134.7060369541033, -10.329026797773118, 0.0, 0.0, 0.0, 216.513494312891,6.15880554553e-05,3.058756808e-07,0.0,0.0,0.0,0.0,3.329430647054621e-06, 0.0, 0.0, 0.0, 0.0, 0.0, 0.0, 3.329430647054621e-06, 0.0, 0.0, 0.0, 0.0, 0.0, 0.0, 9.974932122461483e-07, -4.588528017068174e-27, 2.8726320455461674e-27, 0.0, 0.0, 0.0, -4.588528017068175e-27, 9.901205454994633e-07, -1.3675706249912048e-33, 0.0, 0.0, 0.0, 2.8726320455461667e-27, 1.3675706249912111e-33, 9.901205454994633e-07, 0.0, 0.0, 0.0, 0.0, 0.0, 0.0, 3.318351613190558e-06
1492028619614649839,108257,1492028619,547514915,-0.127284177309,0.718234623448,0.0,0.0,0.0,0.866079143045,0.499906909316,312.397319137227, 4.08956350361736, 0.0, 0.0, 0.0, -134.70603695410995, 4.089563503620655, 207.76383019934156, 0.0, 0.0, 0.0, -10.329026797773297, 0.0, 0.0, 9.983260161811354e-07, -8.061539040030785e-20, -2.2672918154838892e-18, 0.0, 0.0, 0.0, -8.061539040030786e-20, 9.966631772012735e-07, -1.0918768522799347e-28, 0.0, 0.0, 0.0, -2.2672918154838892e-18, -1.0918846763703338e-28, 9.966631772012735e-07, 0.0, -134.7060369541033, -10.329026797773118, 0.0, 0.0, 0.0, 216.513494312891,6.15880554553e-05,3.058756808e-07,0.0,0.0,0.0,0.0,3.329430647054621e-06, 0.0, 0.0, 0.0, 0.0, 0.0, 0.0, 3.329430647054621e-06, 0.0, 0.0, 0.0, 0.0, 0.0, 0.0, 9.974932122461483e-07, -4.588528017068174e-27, 2.8726320455461674e-27, 0.0, 0.0, 0.0, -4.588528017068175e-27, 9.901205454994633e-07, -1.3675706249912048e-33, 0.0, 0.0, 0.0, 2.8726320455461667e-27, 1.3675706249912111e-33, 9.901205454994633e-07, 0.0, 0.0, 0.0, 0.0, 0.0, 0.0, 3.318351613190558e-06
1492028619654649133,108258,1492028619,577910900,-0.127287422131,0.718240299317,0.0,0.0,0.0,0.866079143045,0.499906909316,312.40006458841015, 4.089963306175707, 0.0, 0.0, 0.0, -134.7070219352522, 4.089963306179003, 207.76540412638906, 0.0, 0.0, 0.0, -10.329593873562096, 0.0, 0.0, 9.984069654793262e-07, -5.1628003149930607e-20, -1.4235976524633174e-17, 0.0, 0.0, 0.0, -5.1628003149930607e-20, 9.968240254286115e-07, -4.613018157490108e-28, 0.0, 0.0, 0.0, -1.4235976524633177e-17, -4.614339706543822e-28, 9.968240254286115e-07, 0.0, -134.70702193524554, -10.329593873561917, 0.0, 0.0, 0.0, 216.51531807301387,0.00033173851401,9.07950076146e-08,0.0,0.0,0.0,0.0,3.4991606283350327e-06, 0.0, 0.0, 0.0, 0.0, 0.0, 0.0, 3.4991606283350327e-06, 0.0, 0.0, 0.0, 0.0, 0.0, 0.0, 9.976142411988195e-07, -2.938131183776742e-26, 1.7114132457686774e-26, 0.0, 0.0, 0.0, -2.938131183776742e-26, 9.905908312183115e-07, -2.415186473705262e-34, 0.0, 0.0, 0.0, 1.7114132457686774e-26, 2.415186473704984e-34, 9.905908312183115e-07, 0.0, 0.0, 0.0, 0.0, 0.0, 0.0, 3.4874823674000644e-06
1492028619654673180,108259,1492028619,617543936,-0.127294223704,0.718252037953,0.0,0.0,0.0,0.866079143045,0.499906909316,312.40545908312527, 4.091080229879388, 0.0, 0.0, 0.0, -134.70976463800426, 4.091080229882689, 207.76753704051058, 0.0, 0.0, 0.0, -10.331178770181419, 0.0, 0.0, 9.983418197932313e-07, 4.598832912652474e-20, -1.61275641045696e-17, 0.0, 0.0, 0.0, 4.5988329126524765e-20, 9.966945750899397e-07, 4.472857703007665e-28, 0.0, 0.0, 0.0, -1.61275641045696e-17, 4.472851925217832e-28, 9.966945750899397e-07, 0.0, -134.7097646379976, -10.33117877018124, 0.0, 0.0, 0.0, 216.51769605648965,0.00013792686404,1.54509709519e-07,0.0,0.0,0.0,0.0,3.361260355807781e-06, 0.0, 0.0, 0.0, 0.0, 0.0, 0.0, 3.361260355807781e-06, 0.0, 0.0, 0.0, 0.0, 0.0, 0.0, 9.975168389518392e-07, -3.3379159329887114e-26, 1.9154310903849372e-26, 0.0, 0.0, 0.0, -3.337915932988712e-26, 9.902122933403333e-07, 6.223313169559212e-34, 0.0, 0.0, 0.0, 1.9154310903849374e-26, -6.219989223681689e-34, 9.902122933403333e-07, 0.0, 0.0, 0.0, 0.0, 0.0, 0.0, 3.3500665980052894e-06
1492028619694663287,108260,1492028619,657614946,-0.127291916133,0.718247999595,0.0,0.0,0.0,0.866079143045,0.499906909316,312.406868178294, 4.0908838814654755, 0.0, 0.0, 0.0, -134.70928687937837, 4.090883881468777, 207.76951399761816, 0.0, 0.0, 0.0, -10.330899817124703, 0.0, 0.0, 9.982802210306266e-07, -5.613123908981235e-20, 1.3762175405042267e-17, 0.0, 0.0, 0.0, -5.613123908981239e-20, 9.965722043494698e-07, 4.492548771870945e-28, 0.0, 0.0, 0.0, 1.3762175405042269e-17, 4.491024699246516e-28, 9.965722043494698e-07, 0.0, -134.70928687937172, -10.330899817124523, 0.0, 0.0, 0.0, 216.5201003185047,-0.000273680761382,7.65444980704e-07,0.0,0.0,0.0,0.0,3.2404930827290224e-06, 0.0, 0.0, 0.0, 0.0, 0.0, 0.0, 3.2404930827290224e-06, 0.0, 0.0, 0.0, 0.0, 0.0, 0.0, 9.974247517179935e-07, 2.849155623190703e-26, -1.6303165329999045e-26, 0.0, 0.0, 0.0, 2.8491556231907027e-26, 9.89854831995584e-07, 1.0460559345581089e-33, 0.0, 0.0, 0.0, -1.6303165329999048e-26, -1.0460559345581965e-33, 9.89854831995584e-07, 0.0, 0.0, 0.0, 0.0, 0.0, 0.0, 3.229730772587873e-06
1492028619719161188,108261,1492028619,697643995,-0.127288936096,0.718242856961,0.0,0.0,0.0,0.866079143045,0.499906909316,312.4071604126309, 4.090326315054089, 0.0, 0.0, 0.0, -134.70791322210863, 4.090326315057394, 207.77144001170913, 0.0, 0.0, 0.0, -10.330108968525842, 0.0, 0.0, 9.981856839897693e-07, -2.6005371158251133e-21, 3.79544037328421e-18, 0.0, 0.0, 0.0, -2.600537115825113e-21, 9.963844578028324e-07, 5.4393136639667264e-30, 0.0, 0.0, 0.0, 3.7954403732842106e-18, 5.440589592554883e-30, 9.963844578028324e-07, 0.0, -134.70791322210198, -10.330108968525662, 0.0, 0.0, 0.0, 216.52250206281644,7.13215596319e-06,1.1343280006e-06,0.0,0.0,0.0,0.0,3.071106857602668e-06, 0.0, 0.0, 0.0, 0.0, 0.0, 0.0, 3.071106857602668e-06, 0.0, 0.0, 0.0, 0.0, 0.0, 0.0, 9.972834454116419e-07, 7.839281243043996e-27, -4.521104017035437e-27, 0.0, 0.0, 0.0, 7.839281243043993e-27, 9.893070763354884e-07, 2.7150746169691262e-33, 0.0, 0.0, 0.0, -4.5211040170354396e-27, -2.7150746169691152e-33, 9.893070763354884e-07, 0.0, 0.0, 0.0, 0.0, 0.0, 0.0, 3.060952004757069e-06
1492028619758656897,108262,1492028619,738153934,-0.127290654924,0.718245804809,0.0,0.0,0.0,0.866079143045,0.499906909316,312.40991577619064, 4.090569952354707, 0.0, 0.0, 0.0, -134.70849977701823, 4.090569952358011, 207.77349861125913, 0.0, 0.0, 0.0, -10.33045559903778, 0.0, 0.0, 9.983833129702784e-07, 2.0092563094229195e-20, -5.134747222819718e-18, 0.0, 0.0, 0.0, 2.0092563094229185e-20, 9.967770220311263e-07, 6.381568268873997e-29, 0.0, 0.0, 0.0, -5.134747222819716e-18, 6.381589935585872e-29, 9.967770220311263e-07, 0.0, -134.70849977701158, -10.3304555990376, 0.0, 0.0, 0.0, 216.52493266054265,7.23209898629e-05,-1.42359773055e-06,0.0,0.0,0.0,0.0,3.4478112453656106e-06, 0.0, 0.0, 0.0, 0.0, 0.0, 0.0, 3.4478112453656106e-06, 0.0, 0.0, 0.0, 0.0, 0.0, 0.0, 9.975788758513976e-07, -1.064164597523641e-26, 6.0915980204487504e-27, 0.0, 0.0, 0.0, -1.0641645975236404e-26, 9.904533440801584e-07, 3.0805944351062416e-34, 0.0, 0.0, 0.0, 6.0915980204487454e-27, -3.080594435106187e-34, 9.904533440801584e-07, 0.0, 0.0, 0.0, 0.0, 0.0, 0.0, 3.4363153379619724e-06
1492028619798714939,108263,1492028619,738153934,-0.127290654924,0.718245804809,0.0,0.0,0.0,0.866079143045,0.499906909316,312.40991577619064, 4.090569952354707, 0.0, 0.0, 0.0, -134.70849977701823, 4.090569952358011, 207.77349861125913, 0.0, 0.0, 0.0, -10.33045559903778, 0.0, 0.0, 9.983833129702784e-07, 2.0092563094229195e-20, -5.134747222819718e-18, 0.0, 0.0, 0.0, 2.0092563094229185e-20, 9.967770220311263e-07, 6.381568268873997e-29, 0.0, 0.0, 0.0, -5.134747222819716e-18, 6.381589935585872e-29, 9.967770220311263e-07, 0.0, -134.70849977701158, -10.3304555990376, 0.0, 0.0, 0.0, 216.52493266054265,7.23209898629e-05,-1.42359773055e-06,0.0,0.0,0.0,0.0,3.4478112453656106e-06, 0.0, 0.0, 0.0, 0.0, 0.0, 0.0, 3.4478112453656106e-06, 0.0, 0.0, 0.0, 0.0, 0.0, 0.0, 9.975788758513976e-07, -1.064164597523641e-26, 6.0915980204487504e-27, 0.0, 0.0, 0.0, -1.0641645975236404e-26, 9.904533440801584e-07, 3.0805944351062416e-34, 0.0, 0.0, 0.0, 6.0915980204487454e-27, -3.080594435106187e-34, 9.904533440801584e-07, 0.0, 0.0, 0.0, 0.0, 0.0, 0.0, 3.4363153379619724e-06
